56 0.0410462484375 0.10739602031249999 0.04065040625 0.10640393749999999 0.0414596703125 0.15640357968750002 0.238595146875 0.1537134625 0.23991140625 0.0995823171875 0.0410462484375 0.10739602031249999
56 0.1876057640625 0.306213559375 0.05277605625 0.30683388906250003 0.0551448734375 0.388462434375 0.1850146421875 0.4043366828125 0.2132805125 0.3734198203125 0.1876057640625 0.306213559375
56 0.22584056874999997 0.309667965625 0.2237286546875 0.4055674890625 0.380922325 0.396596165625 0.3808962359375 0.2921845515625 0.22584056874999997 0.309667965625
56 0.23161459375 0.0143219171875 0.2295945484375 0.039374834375 0.2960198015625 0.037876434375000004 0.2898505 0.0096198625 0.23161459375 0.0143219171875
56 0.324275178125 0.041556703125 0.3235478578125 0.0751381859375 0.36453853281250004 0.07675708906249999 0.3621121546875 0.0436265453125 0.324275178125 0.041556703125
56 0.09002976093750001 0.1726473515625 0.08767228906249999 0.19953420625 0.1471717109375 0.20562304843749998 0.1448357890625 0.1681610546875 0.09002976093750001 0.1726473515625
56 0.19279906875 0.24039408906249998 0.19250275625 0.20254916562499997 0.1299945328125 0.212389959375 0.1295578578125 0.235909234375 0.19279906875 0.24039408906249998
56 0.20789779218749999 0.1596059109375 0.206637675 0.193145303125 0.2593958703125 0.1917953109375 0.265026984375 0.156490896875 0.20789779218749999 0.1596059109375
56 0.54375 0.13046875 0.1078125 0.0328125
56 0.66171875 0.1296875 0.0796875 0.03828125
56 0.6375 0.0703125 0.07265625 0.05
56 0.6125 0.31328125 0.11015625 0.04375
56 0.51640625 0.434375 0.06953125 0.04140625
56 0.0828125 0.5765625 0.06171875 0.03828125
56 0.2015625 0.58828125 0.05859375 0.04921875
56 0.64921875 0.6640625 0.22265625 0.121875
56 0.50546875 0.7375 0.07265625 0.06328125
56 0.4546875 0.840625 0.084375 0.0609375
56 0.784375 0.8296875 0.209375 0.1140625
56 0.928125 0.77578125 0.14375 0.3109375
56 0.734375 0.54375 0.11484375 0.04375
56 0.71875 0.4046875 0.0734375 0.06484375