77 0.45390625 0.60234375 0.1828125 0.0796875
77 0.09765625 0.57421875 0.1953125 0.11953125
77 0.1359375 0.69296875 0.06640625 0.125
77 0.01953125 0.73828125 0.02421875 0.03671875
77 0.271875 0.6765625 0.1421875 0.0953125
77 0.2296875 0.78203125 0.0609375 0.0953125
77 0.17265625 0.88046875 0.0625 0.190625
77 0.09453125 0.984375 0.05390625 0.03125
77 0.2640625 0.575 0.11171875 0.05703125
77 0.47734375 0.72578125 0.22421875 0.15078125
77 0.64609375 0.60859375 0.18828125 0.08125
77 0.671875 0.69140625 0.16015625 0.08984375
77 0.6171875 0.8296875 0.05078125 0.059375
77 0.3671875 0.90546875 0.03671875 0.0328125
77 0.41640625 0.86640625 0.0421875 0.08828125
77 0.4796875 0.853125 0.0578125 0.0921875
77 0.40625 0.971875 0.05625 0.05625
77 0.77265625 0.61328125 0.03203125 0.08671875
77 0.8265625 0.5953125 0.040625 0.05078125
77 0.946875 0.5421875 0.10625 0.0609375
77 0.9046875 0.65 0.0609375 0.109375
77 0.91875 0.76953125 0.03828125 0.078125
77 0.96875 0.69453125 0.03359375 0.02578125
77 0.9734375 0.80859375 0.053125 0.1453125