56 0.0210463359375 0.8657802140624999 0.17309924062499998 0.64972543125 0.0743086234375 0.6005372265625 0.06826455000000001 0.606298590625 0 0.70697369375 0.0015699296875000001 0.8525050937499999 0.015245696875 0.8607760359375 0.0210463359375 0.8657802140624999
56 0.203753396875 0.2985995515625 0.12219556718749999 0.251977421875 0.06280924375 0.3028537328125 0 0.2754552578125 0.000056967187499999995 0.3700368671875 0.083302196875 0.40480060937499995 0.029525446875 0.46652643125 0.0759365796875 0.48974385312499996 0.2071221828125 0.3735424671875 0.1505533859375 0.3486174796875 0.203753396875 0.2985995515625
56 0.502880153125 0.5005520890625 0.481976053125 0.40199687968750003 0.43639924375000005 0.3871870984375 0.36811594375 0.5410628 0.455492103125 0.5721972171874999 0.51712345625 0.7060838171875 0.5958687171875 0.541138990625 0.502880153125 0.5005520890625
56 0.8370587765625 0.5853211328125 0.8073521703125 0.563174159375 0.8227142765625001 0.46389455156250003 0.8821993171875 0.479296875 0.8457516 0.4316889828125 0.8556233734375001 0.36786696406249997 0.8756644859374999 0.38105073749999996 0.8863536 0.29181551093749997 0.8230850859375 0.26172335156250004 0.811511053125 0.3422106171875 0.7821483671875 0.3824894578125 0.7831790640625 0.41786791093750003 0.78932079375 0.4572664265625 0.7672274828125001 0.6056578140625 0.7501549765625 0.7035704671875 0.804367640625 0.7251067375 0.8536175265624999 0.6898239375 0.8370587765625 0.5853211328125
56 0.7429850265625 0.3287706171875 0.7681088671875 0.25218039999999997 0.7006460859375 0.2111009109375 0.6753081828124999 0.301462128125 0.7429850265625 0.3287706171875
56 0.5225734531249999 0.24405039999999997 0.5599453703124999 0.27040596875 0.6094691171875 0.177019525 0.5642825796875 0.1570124984375 0.5225734531249999 0.24405039999999997
56 0.526050159375 0.13647272500000002 0.46106841718749997 0.1092951515625 0.40284724687500006 0.182168240625 0.459905740625 0.20275955625000003 0.44637680937499996 0.24154589375 0.48570999062500003 0.257498653125 0.5343244031250001 0.1805138046875 0.5070510640625 0.1661862890625 0.526050159375 0.13647272500000002
56 0.79395875625 0.10331765781249999 0.782608696875 0.16425120937499998 0.819761946875 0.1797148046875 0.8307036906249999 0.131236084375 0.856037703125 0.1339656796875 0.79395875625 0.10331765781249999
56 0.9199289500000001 0.09110732499999999 0.9213962734375001 0.0344726578125 0.8634648859375 0.0115897203125 0.853623190625 0.0695652171875 0.84173495625 0.10760208906249999 0.8803601265625 0.12470172500000001 0.8779965593749999 0.0812945828125 0.9199289500000001 0.09110732499999999
56 0.7521739140625 0.0270531421875 0.8252561703125 0.05761712812499999 0.84409144375 0.0114123375 0.7612446234375 0 0.7521739140625 0.0270531421875
56 0.6365499734375 0.030281457812500003 0.587901946875 0.0113705828125 0.5684619828125 0.06671030624999999 0.6540923640625 0.11531097812499999 0.718453140625 0.062235043749999996 0.660927240625 0.01609576875 0.6365499734375 0.030281457812500003
56 0.3898462265625 0.20131039999999997 0.37274081406250004 0.182884328125 0.4078514203125 0.12256979999999999 0.3766396328125 0.098013790625 0.2689937859375 0.186593021875 0.2695652171875 0.1874396140625 0.3239770859375 0.2339999421875 0.3541808203125 0.26275227968750003 0.397236609375 0.23086385781250002 0.3898462265625 0.20131039999999997