13 0.56484375 0.5546875 0.85 0.853125
13 0.07109375 0.42890625 0.1421875 0.76953125
4 0.3 0.49453125 0.2515625 0.1609375
4 0.240625 0.4859375 0.1875 0.22265625
4 0.52734375 0.48984375 0.19765625 0.0984375
4 0.4546875 0.83671875 0.2640625 0.14765625
4 0.278125 0.43828125 0.090625 0.0546875
4 0.06796875 0.2328125 0.12578125 0.25078125
55 0.3 0.49453125 0.2515625 0.1609375
55 0.240625 0.4859375 0.1875 0.22265625
55 0.52734375 0.48984375 0.19765625 0.0984375
55 0.4546875 0.83671875 0.2640625 0.14765625
55 0.278125 0.43828125 0.090625 0.0546875
55 0.06796875 0.2328125 0.12578125 0.25078125