56 0.290625 0.85859375 0.259375 0.26328125
56 0.4609375 0.66796875 0.10078125 0.3015625
56 0.63046875 0.6859375 0.171875 0.23046875
56 0.8390625 0.675 0.0890625 0.13203125
56 0.846875 0.43203125 0.11875 0.1140625
56 0.64140625 0.9359375 0.48203125 0.12734375
56 0.90234375 0.8078125 0.03359375 0.15546875
56 0.65546875 0.46328125 0.35 0.14140625
56 0.953125 0.59921875 0.0609375 0.24140625
56 0.88984375 0.55703125 0.09140625 0.19921875
56 0.90546875 0.88984375 0.0453125 0.0703125
56 0.3953125 0.68671875 0.09765625 0.44375