56 0.49765625 0.13125 0.2859375 0.26171875
56 0.10859375 0.5265625 0.21640625 0.2296875
56 0.10546875 0.284375 0.19609375 0.23515625
56 0.284375 0.475 0.1484375 0.23125
56 0.46484375 0.66640625 0.159375 0.16640625
56 0.5546875 0.8046875 0.1015625 0.13046875
56 0.46875 0.425 0.1515625 0.28671875
56 0.69921875 0.06640625 0.2 0.11171875
56 0.890625 0.32890625 0.2171875 0.23125
56 0.96953125 0.6875 0.0609375 0.1875
56 0.88046875 0.83671875 0.11171875 0.23671875
56 0.78515625 0.37265625 0.09765625 0.07890625
56 0.77421875 0.61953125 0.1203125 0.22890625
56 0.403125 0.921875 0.5015625 0.15625