50 0.48671875 0.53671875 0.0234375 0.05703125
50 0.48671875 0.6375 0.0234375 0.05703125
50 0.53671875 0.715625 0.02265625 0.05625
50 0.434375 0.52421875 0.0203125 0.0546875
50 0.53828125 0.6203125 0.0203125 0.05703125
50 0.5375 0.52265625 0.0203125 0.05625
50 0.5921875 0.71796875 0.0234375 0.059375
50 0.646875 0.71875 0.0203125 0.05625
50 0.43515625 0.621875 0.0203125 0.059375
50 0.5921875 0.61953125 0.01875 0.0546875
50 0.43515625 0.7125 0.01796875 0.05078125
51 0.59921875 0.57265625 0.62578125 0.440625