57 0.4390625 0.5546875 0.83671875 0.13125
50 0.7734375 0.6421875 0.0234375 0.0421875
50 0.265625 0.6640625 0.01875 0.04453125
50 0.4890625 0.65078125 0.0296875 0.04453125
50 0.21640625 0.6671875 0.0203125 0.0484375
50 0.65625 0.6453125 0.0265625 0.04140625
50 0.734375 0.64375 0.02734375 0.04140625
50 0.534375 0.64921875 0.03046875 0.0421875
50 0.44765625 0.734375 0.02890625 0.040625
50 0.61640625 0.64609375 0.0265625 0.040625
50 0.4890625 0.7328125 0.02890625 0.04140625
50 0.575 0.64921875 0.02734375 0.04375
50 0.53203125 0.72890625 0.02890625 0.0390625
50 0.69609375 0.6453125 0.02734375 0.0421875
50 0.65078125 0.721875 0.025 0.0390625
50 0.4 0.6578125 0.03203125 0.04453125
50 0.30390625 0.66328125 0.03359375 0.05078125
50 0.35234375 0.66015625 0.0328125 0.04765625
50 0.44609375 0.65390625 0.03046875 0.0453125
50 0.1671875 0.66640625 0.01875 0.046875
51 0.46640625 0.65546875 0.80703125 0.34453125