27 0.0012283546875000001 0 0.0012283546875000001 0.23687370625 0.13858225156249998 0.36212215312499996 0.46528679687499996 0.321594203125 0.813165584375 0.328964803125 0.9985497828125001 0 0.0012283546875000001 0
27 0.9971590906250001 0 0.8118073593749999 0.32939958593749996 0.810692640625 0.7230641828125 0.531369046875 0.7060144921875 0.5228300859375 0.7195134578125 0.47602813906249997 0.710279503125 0.476396103125 0.7038819875 0.3099945890625 0.7003312625 0.22938852812500002 0.6896687375 0.154361471875 0.6775879921875 0.1056980515625 0.6825672875000001 0.10012987031250001 0.656977225 0.121672078125 0.6342443062500001 0.12427489218750001 0.6456107656250001 0.13133116875 0.6449068328124999 0.131699134375 0.3727536234375 0.1357846328125 0.3613768109375 0 0.2329192546875 0 1 1 1 1 0 0.9971590906250001 0
6 0.608820346875 0.3897308484375 0.6077489171875 0.36423395468750003 0.597646103125 0.3926086953125 0.5989339828125 0.4324948234375 0.6086093078125 0.4353726703125 0.608820346875 0.3897308484375
6 0.6862067093750001 0.363819875 0.67954004375 0.3897308484375 0.6814772734375001 0.43701863281250003 0.692867965625 0.43701863281250003 0.693300865625 0.3880848859375 0.6862067093750001 0.363819875
6 0.7248971859375 0.3909627328125 0.6939448046875001 0.393012421875 0.693084415625 0.4361904765625 0.72790584375 0.4353726703125 0.7248971859375 0.3909627328125
6 0.6472997828125 0.374099378125 0.6427867968750001 0.3905486546875 0.642353896875 0.43660455468750003 0.6543939390625 0.4324948234375 0.654821428125 0.39219461718750004 0.6472997828125 0.374099378125
1 0.151125540625 0.48864389218750004 0.152132034375 0.52503105625 0.2940584421875 0.523105590625 0.29368506562499996 0.4814699796875 0.151125540625 0.48864389218750004
1 0.42098484843749995 0.48635610781249994 0.42143398281250005 0.5269047625 0.5066666671875 0.5260559 0.505773809375 0.485217390625 0.42098484843749995 0.48635610781249994
1 0.5278679656249999 0.48549689375 0.5071158015624999 0.48578675000000004 0.506369046875 0.5263354031249999 0.5278679656249999 0.529192546875 0.5278679656249999 0.48549689375
1 0.37170454531249997 0.4002070390625 0.37170454531249997 0.44133540312499997 0.37965909062500003 0.44421324999999995 0.38095238125 0.4002070390625 0.37170454531249997 0.4002070390625
1 0.3418290046875 0.3989751546875 0.339891775 0.4401035203125 0.36160173125 0.44133540312499997 0.3594534625 0.401035196875 0.3418290046875 0.3989751546875
1 0.4101731609375 0.398550725 0.4104004328125 0.443799171875 0.54388528125 0.43516563125 0.5456060609375 0.3915734984375 0.4101731609375 0.398550725
1 0.610091990625 0.39075569374999997 0.6098755406249999 0.43639751562500007 0.6416883109375 0.43681159375 0.6401839828125 0.393633540625 0.610091990625 0.39075569374999997
1 0.5961201296875 0.394865425 0.5731168828125 0.395279503125 0.5731168828125 0.43762939999999995 0.59698051875 0.434751553125 0.5961201296875 0.394865425
1 0.6778030296875001 0.395279503125 0.6558766234375 0.391987578125 0.6558766234375 0.4372256734375 0.678874459375 0.43434782656250004 0.6778030296875001 0.395279503125
1 0.4072348484375 0.48700828124999995 0.4094642859375 0.5218322984375 0.4202380953125 0.5253830234375 0.4183766234375 0.4877225671875 0.4072348484375 0.48700828124999995
6 0.13255223124999999 0.39121432968750003 0.13410502500000002 0.40647222968749996 0.133428440625 0.40698914531249997 0.1346226234375 0.4115581953125 0.1337072015625 0.41219649843750006 0.13514022187500002 0.4166441625 0.13398596406250002 0.4174038515625 0.134264725 0.4226112046875 0.1356578203125 0.421730128125 0.13814498125000002 0.4217815671875 0.137419 0.4268418140625 0.1345434875 0.4278185578125 0.1348222484375 0.4330259109375 0.1366930171875 0.43190206093750005 0.137210615625 0.43698802812500004 0.1351010109375 0.4382332640625 0.135379771875 0.44344061718749994 0.1377282140625 0.44207399374999995 0.1382458125 0.4471599609375 0.1356585328125 0.44864797031250003 0.1406762421875 0.542380325 0.1423160171875 0.5445134578124999 0.1409550046875 0.547587678125 0.141233765625 0.55279503125 0.1428571421875 0.555900621875 0.1450216453125 0.555900621875 0.146645021875 0.55279503125 0.20346320312500002 0.5766045546874999 0.202922078125 0.60351966875 0.2045454546875 0.606625259375 0.2072510828125 0.606625259375 0.20995670937500002 0.59937888125 0.20995670937500002 0.5921325046875 0.21293289999999998 0.5945479640625 0.2147019640625 0.5980251640625001 0.215909090625 0.5969634234375001 0.2170745921875 0.6009714921875 0.21888528125 0.59937888125 0.21944722031250002 0.6039178203125 0.22181984687499998 0.60686415 0.22294372343750002 0.6055900624999999 0.22456710000000002 0.606625259375 0.22419247343749998 0.6098104796875 0.24080086562499997 0.6304347828125 0.24404761874999997 0.6366459625 0.2548701296875 0.637681159375 0.2581168828125 0.6366459625 0.25919913437500003 0.63457556875 0.26033549843750003 0.637681159375 0.26082251093750003 0.6842650109374999 0.25919913437500003 0.6873706 0.25919913437500003 0.6925465843749999 0.26082251093750003 0.6956521734375001 0.265151515625 0.6977225671875 0.2667748921875 0.7008281578125 0.272186146875 0.7008281578125 0.2754329 0.703933746875 0.29437229375 0.703933746875 0.297619046875 0.7018633546874999 0.3106060609375 0.7018633546874999 0.3122294375 0.6987577640625 0.3122294375 0.69358178125 0.3106060609375 0.690476190625 0.3143939390625 0.6821946171875 0.3176406921875 0.6832298140625 0.31926406875 0.6801242234375 0.31926406875 0.67391304375 0.3176406921875 0.670807453125 0.314935065625 0.67184265 0.3143939390625 0.669082125 0.3165584421875 0.657349896875 0.31872294375 0.657349896875 0.3203463203125 0.6542443062500001 0.3203463203125 0.6490683234375 0.31872294375 0.6459627328125 0.31998557031249997 0.6452726015625 0.321969696875 0.639751553125 0.3241341984375 0.639751553125 0.32973205 0.6326479609375 0.34361471875 0.690476190625 0.3419913421875 0.69358178125 0.3419913421875 0.6987577640625 0.34361471875 0.7018633546874999 0.36093073593749997 0.7008281578125 0.3636363640625 0.6977225671875 0.36742424218749997 0.6977225671875 0.3728354984375 0.6987577640625 0.3760822515625 0.70289855 0.39069264062500003 0.703933746875 0.39231601718750003 0.7008281578125 0.39231601718750003 0.6956521734375001 0.39069264062500003 0.6925465843749999 0.3869047625 0.6925465843749999 0.3869047625 0.6873706 0.38906926406250003 0.6832298140625 0.38906926406250003 0.6780538296875 0.38744588750000003 0.674948240625 0.38744588750000003 0.670807453125 0.3896103890625 0.6677018640625 0.3885281390625 0.6621118015625 0.4401379875 0.557518115625 0.43951373125000004 0.5534983328124999 0.44200937968750004 0.5537439609375 0.4420458671875 0.5553711703124999 0.4825600609375 0.5853365578124999 0.5270562765625 0.6283643890625 0.5280112046875 0.6388381437499999 0.5270562765625 0.6438923390625 0.527898028125 0.6491833453125 0.5289661328124999 0.6493118984375 0.5287397781250001 0.65447435 0.53210678125 0.6756383718750001 0.5313852812500001 0.6759834375 0.53192640625 0.6790890265625 0.5303030296875 0.6790890265625 0.528679653125 0.6821946171875 0.5297619046875 0.7173913046875 0.5313852812500001 0.72049689375 0.5335497828125 0.72049689375 0.5351731609375 0.7173913046875 0.5342182328125 0.70691755 0.5321969703125 0.7034161484375 0.5351731609375 0.7018633546874999 0.5349025968750001 0.6966873703124999 0.5332633046875 0.6964437953125 0.5327858421875 0.6912069171875 0.5346320343750001 0.6915113875000001 0.5335497828125 0.6790890265625 0.5351731609375 0.6790890265625 0.5367965375 0.6759834375 0.5367965375 0.6656314703125 0.5330086578125 0.639751553125 0.5330086578125 0.6325051765625 0.5340909093749999 0.622153209375 0.5373376624999999 0.6128364390625001 0.5405844156249999 0.5983436859375 0.541125540625 0.5910973078125 0.5427489171875 0.58799171875 0.5427489171875 0.582815734375 0.541125540625 0.5797101453125 0.5389610390625 0.5797101453125 0.55529569375 0.5221426828125 0.6099345734375 0.49181253593749996 0.617190575 0.54263128125 0.61933643125 0.5418571609375 0.617916175 0.54771315625 0.6193467453125 0.5471970749999999 0.6193570609375 0.552536990625 0.6186417750000001 0.55279503125 0.6232924484375 0.5893029671875001 0.6230322703125 0.5896856765625 0.6244465765625 0.593450028125 0.623659484375 0.59495576875 0.6251721765625 0.598531903125 0.6242866984375001 0.6002258609375 0.6258977765625 0.603613778125 0.6249139125000001 0.6054959531249999 0.6266233765625 0.6086956515625 0.625541125 0.6107660453125 0.625 0.6169772250000001 0.6266233765625 0.620082815625 0.628787878125 0.620082815625 0.6304112546875 0.6169772250000001 0.6304112546875 0.6118012421875 0.6390692640625 0.6107660453125 0.6390692640625 0.6159420296875 0.640692640625 0.61904761875 0.6428571421875 0.61904761875 0.64448051875 0.6159420296875 0.64448051875 0.6107660453125 0.6428571421875 0.60766045625 0.640692640625 0.60766045625 0.6418521953125 0.5999704234375 0.639764996875 0.60026619375 0.6401128625 0.5950162671875 0.6427798390625 0.594646553125 0.6421970890625001 0.5915295875 0.6442813140625 0.588042909375 0.6446351265625 0.5839988171875 0.6463655390625 0.58455623125 0.6455627703125 0.5786749484375 0.6466450218750001 0.5755693578125001 0.6477272734375 0.5786749484375 0.6493506499999999 0.5755693578125001 0.6505339890624999 0.5775828734374999 0.665043290625 0.553830228125 0.665043290625 0.5724637687499999 0.66829004375 0.5817805390624999 0.6704545453125 0.5817805390624999 0.6720779218749999 0.5786749484375 0.6709956703125 0.5683229812499999 0.6709956703125 0.5579710140625 0.6920995671875 0.547619046875 0.69372294375 0.5507246375 0.6972016078125 0.552942915625 0.697510821875 0.551759834375 0.70021645 0.551759834375 0.6997526281249999 0.5556048515625001 0.70485466875 0.5609287187499999 0.709956709375 0.5714285718750001 0.709956709375 0.5766045546874999 0.7115800859375 0.5797101453125 0.7137445890625 0.5797101453125 0.7153679656249999 0.5766045546874999 0.7159090906250001 0.569358178125 0.7111471859375 0.5639751546875 0.709956709375 0.5662525875 0.7074056890625 0.563590653125 0.708766234375 0.5612836437500001 0.7129329 0.5569358171875 0.7159090906250001 0.555900621875 0.7115800859375 0.5424430640625 0.7077922078125 0.5424430640625 0.7061688312500001 0.5403726703125 0.69372294375 0.5393374734374999 0.6920995671875 0.5424430640625 0.691071428125 0.5403726703125 0.672510821875 0.547619046875 0.6709956703125 0.55279503125 0.6698593078124999 0.5486542437499999 0.66937229375 0.549689440625 0.6672077921875 0.549689440625 0.6651235671875 0.5531761203125 0.6490414343750001 0.54540076875 0.6498917750000001 0.5403726703125 0.6498917750000001 0.5351966874999999 0.6482683984375 0.532091096875 0.6461038968749999 0.532091096875 0.64393939375 0.53726708125 0.6415043296875 0.5740165625 0.64393939375 0.5755693578125001 0.6411564624999999 0.5792664890625 0.640808596875 0.584516415625 0.6386567140625 0.5848846187500001 0.6211829343749999 0.4633048421875 0.6191817109375 0.4617584375 0.6204548609375 0.45823901874999995 0.6191713953125 0.45641852343749995 0.6197267875 0.4531731953125 0.6191610812499999 0.45107860781250003 0.6191507656249999 0.44573869374999997 0.6182706390625 0.44304154687499997 0.6191404515625 0.44039877812499995 0.6175425640625 0.437975721875 0.6191301375 0.43505886406250005 0.616814490625 0.43290989843750005 0.616086415625 0.427844075 0.619119821875 0.4297189484375 0.61904761875 0.39233954375 0.622294371875 0.39233954375 0.627705628125 0.381987578125 0.6293290046875 0.375776396875 0.6293290046875 0.3633540375 0.625 0.3561076609375 0.622294371875 0.34886128437499997 0.6206709953125 0.34886128437499997 0.61904761875 0.34575569375000004 0.6147186140625001 0.34575569375000004 0.6130952375 0.3478260875 0.609307359375 0.34161490625 0.6071428578125 0.34161490625 0.6044372296875 0.346790890625 0.6051653031249999 0.3518567140625 0.60314403125 0.3514054109375 0.6033549781249999 0.352743271875 0.6018508328125 0.35601993125 0.6022727265625 0.3586956515625 0.600557634375 0.360634453125 0.6011904765625 0.3646480328125 0.5992644359375 0.3652489734375 0.6001082249999999 0.3706004140625 0.5979712375 0.3698634953125 0.5966780390624999 0.374478015625 0.5974025968750001 0.3752587984375 0.5946969703125 0.379917184375 0.5940916421875 0.38370705625 0.5946969703125 0.38509316718750003 0.59279844375 0.388321578125 0.5565888906249999 0.5175281609375 0.5351731609375 0.586956521875 0.53589771875 0.59136049375 0.5343614718749999 0.5942028984375 0.5346045203124999 0.5959750140625 0.5333113218750001 0.6005895359375 0.5335497828125 0.601449275 0.5320181234375 0.6052040562500001 0.53174603125 0.607315390625 0.5281385281250001 0.61904761875 0.48509219843749996 0.58720939375 0.45323773437500003 0.5310990343750001 0.4794372296875 0.4782608703125 0.48538961093750005 0.47722567343750005 0.4870129875 0.47412008281249995 0.4897186140625 0.479296065625 0.49567099531250003 0.479296065625 0.497294371875 0.4761904765625 0.497294371875 0.4710144921875 0.49567099531250003 0.467908903125 0.49404761875 0.467908903125 0.49404761875 0.4492753625 0.4924242421875 0.446169771875 0.4897186140625 0.446169771875 0.48809523749999995 0.4492753625 0.4859307359375 0.448240165625 0.48430735937499997 0.445134575 0.48214285781250005 0.445134575 0.47835497812499994 0.45238095312500004 0.4768249 0.4509530953125 0.425324675 0.3695652171875 0.425324675 0.36438923437500004 0.42370129843750004 0.36128364375 0.42370129843750004 0.358178053125 0.45129870156249996 0.35921325 0.45887445937500004 0.3571428578125 0.47402597343749997 0.3571428578125 0.47510822499999994 0.35921325 0.48430735937499997 0.35921325 0.4864718609375 0.3550724640625 0.4864718609375 0.34989647968750004 0.48484848437499994 0.346790890625 0.4761904765625 0.3478260875 0.47510822499999994 0.34575569375000004 0.4572510828125 0.34575569375000004 0.4458874453125 0.3478260875 0.40692640625000004 0.344720496875 0.40043290000000004 0.346790890625 0.3917748921875 0.35300207031249997 0.36255411249999997 0.3519668734375 0.36093073593749997 0.3540372671875 0.35551948125 0.3550724640625 0.3484848484375 0.360248446875 0.3365800859375 0.36128364375 0.333874459375 0.35921325 0.2927489171875 0.35921325 0.2830086578125 0.36128364375 0.27759740312500003 0.3674948234375 0.27435065000000003 0.3674948234375 0.272186146875 0.3695652171875 0.2667748921875 0.3674948234375 0.25919913437500003 0.3674948234375 0.253787878125 0.3706004140625 0.24783549843750002 0.3706004140625 0.24458874531250002 0.36853002031250004 0.2175324671875 0.3695652171875 0.21320346250000002 0.37163561093749997 0.20833333281250002 0.37163561093749997 0.20670995625000002 0.3737060046875 0.203282828125 0.3737060046875 0.2014928453125 0.377451678125 0.1998557 0.3737060046875 0.1989607078125 0.375578840625 0.196428571875 0.3737060046875 0.1948051953125 0.37681159375 0.1936994171875 0.3738860390625 0.1418454734375 0.3773066890625 0.140692640625 0.381987578125 0.13911631875 0.377486721875 0.133658009375 0.377846790625 0.1320346328125 0.38095238125 0.1320346328125 0.3861283640625 0.133658009375 0.3892339546875 0.13255223124999999 0.39121432968750003
10 0.4324945890625 0.347743271875 0.5506331171875 0.3502070390625 0.749507575 0.35168737031249997 0.8060010828124999 0.3526708078125 0.8075487015625 0.343302278125 0.42037337656249996 0.3428053828125 0.1340530296875 0.372908903125 0.1322456703125 0.378830228125 0.1505627703125 0.389192546875 0.169908009375 0.3783333328125 0.3171969703125 0.36303312656250003 0.4324945890625 0.347743271875
6 0.31693722968750004 0.425703934375 0.32338744531249997 0.40942029062499996 0.32518939375 0.396594203125 0.3179707796875 0.3783333328125 0.297591990625 0.3704347828125 0.292429653125 0.3704347828125 0.2846915578125 0.3724120078125 0.2622510828125 0.3733954453125 0.2336201296875 0.3768530015625 0.20731060625 0.377349896875 0.1853841984375 0.3798136640625 0.15649350625 0.38129399531249997 0.13818181875 0.3946169765625 0.1479816015625 0.40942029062499996 0.1495292203125 0.4518633546875 0.3143560609375 0.441987578125 0.31693722968750004 0.425703934375
6 0.276287878125 0.5875569359374999 0.27915584375 0.6615838515625 0.3130086578125 0.663633540625 0.314442640625 0.58516563125 0.276287878125 0.5875569359374999
6 0.34149350625 0.5882505171875 0.3364772734375 0.6694616984375 0.382510821875 0.6687784671875 0.38215367968749997 0.58516563125 0.34149350625 0.5882505171875
6 0.41099567031250006 0.5896169765625 0.410097403125 0.6728881984374999 0.45595238125000004 0.674606625 0.45595238125000004 0.587908903125 0.41099567031250006 0.5896169765625
6 0.5895346328125 0.5885921328125 0.5892207796875 0.5595755687499999 0.579009740625 0.53114906875 0.54372294375 0.5305590062500001 0.542175325 0.682743271875 0.6108928578125 0.6833333328125 0.6139880953125 0.5933229812499999 0.5895346328125 0.5885921328125
6 0.6440097406249999 0.59687370625 0.6440097406249999 0.6845134578125001 0.6957034625 0.6898447203125 0.6960119046875 0.5951035203124999 0.6440097406249999 0.59687370625
6 0.7316071421875 0.54950310625 0.7300595234375 0.5323291921875 0.7300595234375 0.5204865421875 0.7297510828125 0.50983436875 0.7297510828125 0.4968012421875 0.7309902593750001 0.4932505171875 0.7312987015625 0.48910973125 0.732537878125 0.4819979296875 0.73377705625 0.47134575625 0.735010821875 0.4642339546875 0.73625 0.4553519671875 0.7371807359375 0.44587991718750003 0.7381060609375 0.4364078671875 0.7396536796875 0.43166666718749996 0.7424404765625 0.420414078125 0.7449188312499999 0.4091718421875 0.7477056281250001 0.39613871562499997 0.7483225109375 0.3831159421875 0.7418235937500001 0.39199792968749997 0.7399675328125 0.39613871562499997 0.739036796875 0.3985093171875 0.7331547625 0.40443064218749997 0.7316071421875 0.41627329218750003 0.7297510828125 0.423374740625 0.727895021875 0.4346273296875 0.7247997828125 0.4435093171875 0.722321428125 0.44943064218749995 0.719848484375 0.4547619046875 0.716130953125 0.4671946171875 0.7145833328125 0.47311594218749997 0.7117965374999999 0.47903726718749995 0.7059145015625 0.4784472046875 0.6975595234374999 0.47785714218750003 0.696942640625 0.47785714218750003 0.6975595234374999 0.47015527968750004 0.7009632031249999 0.4642339546875 0.7015854984375001 0.45654244374999997 0.6885822515625 0.45180124218750006 0.6876569265625 0.4523913046875 0.6861093078125 0.4642339546875 0.6851785718750001 0.46542443125000005 0.6827002171875 0.4725258796875 0.678679653125 0.47726708125000006 0.672175325 0.4784472046875 0.6681547625 0.47785714218750003 0.66165584375 0.47667701874999996 0.6523701296875 0.47430641875 0.651130953125 0.47015527968750004 0.6492748921875 0.46956521718750005 0.64029761875 0.4666045546875 0.6381277062499999 0.47311594218749997 0.6372023812500001 0.47371635625 0.6303896109375 0.47134575625 0.6260551953125 0.47667701874999996 0.621103896875 0.47726708125000006 0.620178571875 0.46956521718750005 0.6102705625 0.4719358171875 0.607175325 0.47903726718749995 0.600367965625 0.4784472046875 0.5997456703124999 0.4719358171875 0.6000541125 0.4606832296875 0.59603355 0.4488405796875 0.5954112546875 0.44766045625000006 0.58426948125 0.4446997921875 0.57931818125 0.4488405796875 0.5706493499999999 0.45002070468750005 0.563219696875 0.4523913046875 0.5557954546875 0.4553519671875 0.5533171 0.45654244374999997 0.5486742421875 0.46186335468750006 0.548057359375 0.4660144921875 0.5455790046875 0.4784472046875 0.5452705625000001 0.48140786718750006 0.542175325 0.4849585921875 0.5338149343749999 0.48022774375 0.5310281390625 0.48318840625000004 0.529794371875 0.5341097312499999 0.7247997828125 0.5346997921875001 0.7272727265625 0.55246376875 0.7316071421875 0.54950310625
6 0.5677651515625 0.3621739125 0.5606709953125 0.393012421875 0.56002705625 0.4378364390625 0.5737824671875 0.43701863281250003 0.5722781390625 0.3884886125 0.5677651515625 0.3621739125
6 0.72100649375 0.629099378125 0.7485227265625001 0.6327950312499999 0.75948593125 0.603602484375 0.7624945890625 0.5682298140625 0.751742425 0.5439751546875 0.7371266234375 0.5349275359375001 0.7311093078125 0.5534265015625001 0.7242316015625 0.542743271875 0.7053138531250001 0.5386231890625 0.6479220781249999 0.5361594203125 0.642976190625 0.5402691515625 0.6427651515624999 0.600310559375 0.6992965375 0.59578675 0.7029491343750001 0.6233333328125 0.72100649375 0.629099378125
1 0.17167207812500002 0.5967287781249999 0.17274350624999998 0.6312732921875 0.18843614687500002 0.6349792953125 0.188652596875 0.5967287781249999 0.17167207812500002 0.5967287781249999
32 0.8121428578125001 0.323664596875 0.75970238125 0.32661490625 0.43887987031250003 0.325134575 0.2631344953125 0.353762409375 0.2653571421875 0.3679192546875 0.43964826874999996 0.34726708125 0.6154870125 0.34726708125 0.8059740265625001 0.3531677015625 0.814458875 0.342846790625 0.8121428578125001 0.323664596875
32 0.254672028125 0.35514089375 0.13116883125 0.3752587984375 0.1604707796875 0.379720496875 0.25687229375 0.36496894375 0.254672028125 0.35514089375
3 0.1003192640625 0.65562111875 0.104172078125 0.66447205 0.1064880953125 0.68069358125 0.152759740625 0.6762732921875 0.25301948125 0.6925051765625 0.2746103890625 0.6954554859375001 0.3108603890625 0.698405796875 0.36252705625 0.7028260875 0.4327110390625 0.7028260875 0.478208875 0.7013561078125 0.47975108281249995 0.71167701875 0.4859199140625 0.71167701875 0.5213961031250001 0.7161076609375 0.5298809531249999 0.7057763968749999 0.5584145015625 0.7087267078124999 0.5954329 0.71315735 0.6440205625 0.7190579703125 0.6910660171874999 0.7234782609375 0.73964826875 0.7249585921875 0.8082846328125 0.72200828125 0.8106006499999999 0.331035196875 0.44427489218750005 0.325134575 0.136563853125 0.36496894375 0.13116883125 0.3752587984375 0.13271103906249998 0.6482401656250001 0.12191017343749999 0.6482401656250001 0.120367965625 0.6364389234375001 0.1003192640625 0.65562111875