32 0.2909415578125 0.3030848859375 0.29383116875000004 0.35486542499999996 0.166017315625 0.35533126249999997 0.398354740625 0.3576401890625 0.399172078125 0.346625259375 0.35162878750000004 0.302122153125 0.33999999999999997 0.30502070468750003 0.3435389609375 0.33211180156250003 0.3035822515625 0.30405797031250004 0.2909415578125 0.3030848859375
32 0.6383928578125 0.3350103515625 0.6394047625 0.3059937890625 0.5903463203125 0.3408178046875 0.5898268390625 0.3578674953125 0.4377697625 0.35803188750000003 0.8472727265625 0.36210145 0.85435065 0.3263043484375 0.7709036796875 0.3533954453125 0.6844209953125 0.3543685296875 0.6894751078125 0.3030848859375 0.6788528140625 0.3001863359375 0.6383928578125 0.3350103515625
6 0.294280303125 0.4130020703125 0.2626677484375 0.4130020703125 0.28922077968750004 0.7516356109375 0.31830086562500004 0.74921325 0.294280303125 0.4130020703125
6 0.31553571406250003 0.7860559 0.320449134375 0.7727743265625 0.2926677484375 0.7766563140625 0.29927489218750003 0.8220289859375001 0.3068939390625 0.8210559 0.3214610390625 0.787349896875 0.31553571406250003 0.7860559
6 0.237732684375 0.7765942031249999 0.246179653125 0.829720496875 0.28027056250000004 0.8303933750000001 0.2799134203125 0.7760144921875 0.28376082187499996 0.677908903125 0.2469913421875 0.40341614843749996 0.16404761875 0.4063250515625 0.17457792187500001 0.8582815734375 0.2338906921875 0.829720496875 0.237732684375 0.7765942031249999
6 0.3629816015625 0.41578675 0.365638528125 0.47225672812499997 0.39175865781249997 0.4717805390625 0.3900541125 0.414389234375 0.3629816015625 0.41578675
6 0.3707846328125 0.5683643890625001 0.394686146875 0.56789855 0.39322510781250003 0.515641821875 0.36810065000000003 0.5170393375 0.3707846328125 0.5683643890625001
6 0.37937229375000003 0.747681159375 0.40107683906249997 0.74628364375 0.39741883125 0.6128364390625001 0.373030303125 0.6146997921875 0.37937229375000003 0.747681159375
6 0.3877218609375 0.3682194609375 0.4052489171875 0.8579710140625 0.571617965625 0.8570186328125 0.5813257578125001 0.3670600421875 0.3877218609375 0.3682194609375
10 0.590146103125 0.3541407875 0.39873376562499996 0.352122153125 0.3969751078125 0.36355072499999996 0.5915530296875 0.36355072499999996 0.590146103125 0.3541407875
3 0.1632034625 0.3633540375 0.17457792187500001 0.8582815734375 0.7889610390625 0.8499275359375 0.8514502171875 0.36607660468750003 0.1632034625 0.3633540375
27 0.1840205625 0.85516563125 0.1865530296875 0.8580641828125 0.1941396109375 0.8561283640624999 0.1961634203125 0.8474223609375 0.20020562812499998 0.86 0.2052651515625 0.8561283640624999 0.2093127703125 0.8609627328125 0.2153787875 0.852256728125 0.22043831093750002 0.8561283640624999 0.22498917812500002 0.8483850937499999 0.2305519484375 0.8512939953125 0.2351028140625 0.8609627328125 0.2351028140625 0.8445238093749999 0.2338906921875 0.829720496875 0.23409090937500002 0.819358178125 0.23611471874999998 0.80871635625 0.240665584375 0.8029192546875 0.2437012984375 0.7913043484375 0.247240259375 0.8067805390625 0.2497727265625 0.828074534375 0.2553354984375 0.830973084375 0.2533116890625 0.819358178125 0.2644372296875 0.819358178125 0.262922078125 0.804855071875 0.258874459375 0.7951759828125 0.2684848484375 0.79226708125 0.27 0.8019461703124999 0.273544371875 0.8174327124999999 0.27607142812499996 0.832908903125 0.28314935 0.82710145 0.2866937234375 0.8164596265625 0.28314935 0.80871635625 0.28062229375 0.8009834375 0.2780952375 0.7816252593749999 0.28163419843750004 0.774855071875 0.2851731609375 0.76614906875 0.2871969703125 0.747763975 0.28365800937499996 0.7400207046875 0.28568181875 0.72358178125 0.2912445890625 0.7351863359374999 0.29781926406250003 0.747763975 0.299334415625 0.7390579703125 0.2983225109375 0.7245445140625 0.29680735937499997 0.7119668734375 0.2912445890625 0.7051966875 0.28922077968750004 0.694554865625 0.2957954546875 0.69358178125 0.312483765625 0.6848757765625 0.3023701296875 0.6848757765625 0.288208875 0.6887474124999999 0.282646103125 0.68391304375 0.27607142812499996 0.6848757765625 0.273544371875 0.681004140625 0.2705086578125 0.6693995859374999 0.2644372296875 0.671335403125 0.2603896109375 0.66552795 0.258874459375 0.6558488609375 0.25482683906250003 0.6423084890624999 0.2482521640625 0.638436853125 0.2462283546875 0.6239233953125 0.24926406874999998 0.626821946875 0.2533116890625 0.6297308484374999 0.2583712125 0.6287577640625 0.258874459375 0.61424430625 0.263425325 0.616180125 0.2659577921875 0.63069358125 0.2684848484375 0.6558488609375 0.2780952375 0.6510144921875 0.2780952375 0.63552795 0.276574675 0.6181159421875 0.2791071421875 0.615217390625 0.2851731609375 0.603602484375 0.290232684375 0.61134575625 0.2851731609375 0.63552795 0.2917478359375 0.6297308484374999 0.29225649374999996 0.6181159421875 0.29528679687500003 0.63552795 0.29680735937499997 0.6287577640625 0.3069209953125 0.6335921328125 0.3084415578125 0.62779503125 0.3069209953125 0.615217390625 0.301358225 0.6065010359375 0.2983225109375 0.59779503125 0.2983225109375 0.5929606625 0.3023701296875 0.5929606625 0.305909090625 0.587153209375 0.303382034375 0.582318840625 0.3109686140625 0.5794099375 0.31045995625 0.5736128359375 0.3064177484375 0.563933746875 0.312992425 0.5648964796875 0.3109686140625 0.5561904765625 0.303382034375 0.549420290625 0.294280303125 0.542650103125 0.28568181875 0.5397412015625 0.2866937234375 0.5349068328125 0.28922077968750004 0.53200828125 0.29528679687500003 0.5271635609375 0.2912445890625 0.51555900625 0.290232684375 0.507815734375 0.2937716453125 0.509751553125 0.29680735937499997 0.5039441 0.294280303125 0.49910973125 0.2917478359375 0.48555900625000004 0.2912445890625 0.4768530015625 0.28314935 0.4710455484375 0.294280303125 0.465248446875 0.28314935 0.45654244374999997 0.273544371875 0.4400931671875 0.25381493437499997 0.4478260875 0.2482521640625 0.35397515468749996 0.166017315625 0.35533126249999997 0.17457792187500001 0.8582815734375 0.17896645 0.8609627328125 0.1840205625 0.85516563125
27 0.5891341984375 0 0.00038419843749999997 0.0014389234375000001 0.0029329 1 0.17716450156250002 1 0.166017315625 0.35533126249999997 0.2482521640625 0.35397515468749996 0.29383116875000004 0.35486542499999996 0.2909415578125 0.3030848859375 0.3035822515625 0.30405797031250004 0.3435389609375 0.33211180156250003 0.33999999999999997 0.30502070468750003 0.35162878750000004 0.302122153125 0.399172078125 0.346625259375 0.39832251093750004 0.358074534375 0.5898268390625 0.3578674953125 0.5903463203125 0.3408178046875 0.6394047625 0.3059937890625 0.6383928578125 0.3350103515625 0.6788528140625 0.3001863359375 0.6894751078125 0.3030848859375 0.6844209953125 0.3543685296875 0.7709036796875 0.3533954453125 0.85435065 0.3263043484375 1 0.0077846796875 1 0 0.5891341984375 0
27 1 0.0077846796875 0.85435065 0.3263043484375 0.8514502171875 0.36607660468750003 0.7889610390625 0.8499275359375 0.17457792187500001 0.8582815734375 0.17716450156250002 1 1 1 1 0.0077846796875
6 0.31991883125 0.5177536234375 0.32553571406250004 0.5977018640625 0.35117424218750004 0.5963561078125 0.34626082187499996 0.5177536234375 0.31991883125 0.5177536234375
6 0.327294371875 0.6165217390625 0.331158009375 0.687743271875 0.35574134218750003 0.68707039375 0.35187770625 0.6151759828125 0.327294371875 0.6165217390625
6 0.3329112546875 0.70318840625 0.3374783546875 0.7650103515625 0.3617153671875 0.7650103515625 0.3567965375 0.7025258796875 0.3329112546875 0.70318840625
6 0.5881818187500001 0.5191614906249999 0.5878300859375 0.5688819875 0.6124134203125 0.5702277437500001 0.6134686140625 0.5184886125 0.5881818187500001 0.5191614906249999
6 0.5928841984375001 0.413737059375 0.592186146875 0.4735403734375 0.61747294375 0.4708488609375 0.61817640625 0.4130641828125 0.5928841984375001 0.413737059375
6 0.6417207796875 0.41376811562500004 0.637824675 0.4936853 0.6652380953125 0.4990683234375 0.6694534625 0.41508281562500005 0.6417207796875 0.41376811562500004
6 0.5855898265625 0.6136128359375 0.5841666671875 0.65871635625 0.607537878125 0.6606625265625 0.60937229375 0.6132194609375 0.5855898265625 0.6136128359375
6 0.5820129875 0.699585921875 0.5809956703125 0.744689440625 0.603760821875 0.7454658390625 0.6045725109375 0.699585921875 0.5820129875 0.699585921875
6 0.5799783546875 0.783178053125 0.5789610390625 0.82555900625 0.5994913421875 0.82634575625 0.6003030296875 0.7839544515625 0.5799783546875 0.783178053125
6 0.63698051875 0.5196997921875 0.6328354984375 0.597619046875 0.65698051875 0.599026915625 0.661125540625 0.5192339546875 0.63698051875 0.5196997921875
6 0.630882034375 0.6134886125000001 0.6272240265625 0.683012421875 0.6516125546875 0.683012421875 0.65502705625 0.6134886125000001 0.630882034375 0.6134886125000001
6 0.625757575 0.6988716359375 0.6223430734375001 0.7604658390625 0.64502705625 0.7604658390625 0.6481980515625 0.6988716359375 0.625757575 0.6988716359375
6 0.719686146875 0.7907246375 0.7152813859375 0.7855383015624999 0.712570346875 0.8195652171875001 0.743739178125 0.8218322984374999 0.748820346875 0.7910455484375001 0.719686146875 0.7907246375
6 0.3133712125 0.4150931671875 0.3196915578125 0.5021739125 0.3458225109375 0.5021739125 0.341185065625 0.41347826093749995 0.3133712125 0.4150931671875
6 0.6861471859375 0.783271221875 0.6664989171875 0.7829503109375 0.6658225109375 0.7933126296874999 0.674632034375 0.82312629375 0.6836093078125 0.82312629375 0.6861471859375 0.783271221875
6 0.3816774890625 0.781004140625 0.383030303125 0.8202070390625 0.404036796875 0.821180125 0.40301948125 0.7813250515625 0.3816774890625 0.781004140625