50 0.53515625 0.459375 0.02421875 0.0796875
50 0.53125 0.3203125 0.0234375 0.08203125
50 0.5828125 0.33984375 0.01875 0.06796875
50 0.58671875 0.46171875 0.01875 0.06796875
50 0.61875 0.4640625 0.01640625 0.0640625
50 0.64765625 0.46484375 0.0140625 0.06015625
50 0.6125 0.35078125 0.01484375 0.0703125
50 0.67265625 0.465625 0.0125 0.05703125
50 0.69609375 0.4671875 0.01171875 0.05390625
50 0.73515625 0.46875 0.009375 0.05
51 0.53125 0.31640625 0.465625 0.48359375
51 0.14140625 0.3578125 0.2828125 0.40546875