50 0.684375 0.53203125 0.046875 0.0765625
50 0.58046875 0.484375 0.0375 0.06796875
50 0.66875 0.40234375 0.0421875 0.0765625
50 0.515625 0.55859375 0.034375 0.0671875
50 0.65546875 0.2890625 0.03828125 0.06328125
50 0.70390625 0.6828125 0.05390625 0.0859375
50 0.64375 0.19609375 0.03359375 0.059375
50 0.56875 0.275 0.03203125 0.059375
50 0.58671875 0.6046875 0.040625 0.06953125
50 0.51328125 0.34375 0.02890625 0.05625
50 0.5734375 0.36875 0.034375 0.06015625
50 0.5171875 0.6953125 0.0359375 0.0765625
50 0.77109375 0.38046875 0.08359375 0.10625