50 0.284375 0.609375 0.059375 0.0828125
50 0.61796875 0.35703125 0.046875 0.0625
50 0.32421875 0.25078125 0.0484375 0.05625
50 0.54375 0.47421875 0.0375 0.0703125
50 0.61015625 0.2546875 0.04609375 0.05390625
50 0.46953125 0.4453125 0.0234375 0.0546875
50 0.6265625 0.475 0.05234375 0.06953125
50 0.53671875 0.25390625 0.0328125 0.053125
50 0.378125 0.609375 0.04453125 0.0859375
50 0.4703125 0.3453125 0.021875 0.0484375
50 0.54765625 0.6078125 0.0375 0.07734375
50 0.39296875 0.35390625 0.0359375 0.06328125
50 0.384375 0.4734375 0.03984375 0.0703125
51 0.484375 0.4609375 0.59609375 0.6125