10 0.309388528125 0.3384161484375 0.3164989171875 0.3368012421875 0.3176839828125 0.3312939953125 0.307186146875 0.3280538296875 0.25484848437499996 0.341977225 0.2714448046875 0.3594824015625 0.28448593125 0.35234989687499996 0.299902596875 0.347815734375 0.309388528125 0.3384161484375
10 0.2158062765625 0.4220289859375 0.1906331171875 0.41250517656249996 0.18595238125 0.429865425 0.20321969687500002 0.42874741250000004 0.2137554109375 0.43434782656250004 0.2158062765625 0.4220289859375
10 0.055708875000000005 0.42258799218750004 0.0586363640625 0.42818840625 0.0750216453125 0.4237060046875 0.0759036796875 0.4130641828125 0.055708875000000005 0.42258799218750004
10 0.0925865796875 0.4097101453125 0.0925865796875 0.416987578125 0.1104383109375 0.41250517656249996 0.11102272656250001 0.40522774375 0.0925865796875 0.4097101453125
10 0.17629329062500002 0.451697721875 0.1581439390625 0.43266045625 0.11102272656250001 0.4572981359375 0.12068181874999999 0.4707349890625 0.1479004328125 0.44834368593749996 0.1596103890625 0.4601035203125 0.17629329062500002 0.451697721875
32 0 0.5000103515625 0.0019480515625 0.578964803125 0.25111471875 0.447650103125 0.8310930734375 0.5185921328124999 0.7524675328125 0.391790890625 0.45458874531250004 0.3471946171875 0.4604274890625 0.3374741203125 0.483739178125 0.3221325046875 0.39338744531250003 0.30678053906249997 0.254767315625 0.3402070390625 0 0.4123291921875 0 0.5000103515625
3 0.819507575 0.542815734375 0.8326028140625 0.5251345749999999 0.7563528140625 0.3954658390625 0.485232684375 0.35863354062499997 0.48677489218750003 0.31885093124999997 0.395119046875 0.2967494828125 0.0023051953125 0.40725672812499997 0.000541125 0.9051759828125 0.2603300859375 0.629751553125 0.79948051875 0.7800414078125 0.819507575 0.542815734375
1 0.5844047625 0.544689440625 0.5826136359375 0.5878674953125 0.6121699140625 0.5926708078125 0.613603896875 0.54845755625 0.5844047625 0.544689440625
1 0.582435065625 0.6344720500000001 0.580108225 0.6728571421875 0.6076948046874999 0.67799171875 0.6107413421875 0.6358488609374999 0.582435065625 0.6344720500000001
1 0.539983765625 0.6269358171875 0.5376569265625 0.6625776390625 0.565422078125 0.6707971015624999 0.566672078125 0.6307039343749999 0.539983765625 0.6269358171875
1 0.6282954546874999 0.6427018640625 0.622922078125 0.680393375 0.6567748921875001 0.69273291875 0.6565963203125 0.6522981359375 0.6282954546874999 0.6427018640625
1 0.5417748921875 0.538178053125 0.5401623375 0.5758799171875 0.56649350625 0.5820496890625 0.5697186140625 0.5398964796875 0.5417748921875 0.538178053125
1 0.49985930781250004 0.6152898546875 0.4989610390625 0.6577743265625 0.524935065625 0.6615424437499999 0.5252922078125 0.6183643890625 0.49985930781250004 0.6152898546875
1 0.46116883125 0.60569358125 0.46259740312500003 0.6420186328125 0.483739178125 0.64851966875 0.4842748921875 0.610144928125 0.46116883125 0.60569358125
1 0.38987554062499996 0.5899275359375 0.38987554062499996 0.6259109734375 0.4133387453125 0.6293374734375 0.4119047625 0.5923291921875 0.38987554062499996 0.5899275359375
1 0.4235497828125 0.597122153125 0.42426406875 0.635507246875 0.44719697031249994 0.6403002078125 0.4482683984375 0.6015734984375001 0.4235497828125 0.597122153125
1 0.42086038906249995 0.5152173906249999 0.4219372296875 0.5505175984374999 0.4462987015625 0.5594306421875 0.44701839843749996 0.5213871640625001 0.42086038906249995 0.5152173906249999
1 0.3859307359375 0.5076811593749999 0.3884415578125 0.5464078671875 0.4090422078125 0.549492753125 0.409577921875 0.511790890625 0.3859307359375 0.5076811593749999
1 0.254145021875 0.5665734984374999 0.2577272734375 0.6022670812500001 0.26130952343749997 0.5939855078125 0.2592153671875 0.562287784375 0.254145021875 0.5665734984374999
1 0.2474242421875 0.4903312625 0.25086038906249997 0.5248757765625001 0.254740259375 0.5214492749999999 0.252353896875 0.48832298124999995 0.2474242421875 0.4903312625
6 0.0925324671875 0.7691511390625 0.0952380953125 0.7691511390625 0.097402596875 0.7670807453124999 0.0990259734375 0.7619047625 0.0990259734375 0.75569358125 0.09794372343749999 0.7515527953125 0.23160173125 0.49482401718749996 0.23430735937499997 0.49792960624999993 0.2370129875 0.49792960624999993 0.23917748906249997 0.4958592125 0.24080086562499997 0.4906832296875 0.24080086562499997 0.48447205000000004 0.24945887500000002 0.47722567343750005 0.250541125 0.48136645937500006 0.253246753125 0.48447205000000004 0.25595238125 0.48447205000000004 0.2581168828125 0.48240165625 0.259740259375 0.47722567343750005 0.259740259375 0.4699792953125 0.3268398265625 0.4720496890625 0.328463203125 0.47722567343750005 0.33279220781249996 0.48136645937500006 0.3354978359375 0.48136645937500006 0.33766233749999996 0.479296065625 0.33928571406249997 0.47412008281249995 0.340367965625 0.47412008281249995 0.3452380953125 0.48136645937500006 0.3479437234375 0.48136645937500006 0.35227272656249997 0.47722567343750005 0.3549783546875 0.4803312625 0.35768398281249997 0.4803312625 0.359848484375 0.4782608703125 0.36093073593749997 0.4751552796875 0.3620129875 0.4751552796875 0.3636363640625 0.4803312625 0.36580086562499997 0.48240165625 0.36850649375 0.48240165625 0.3706709953125 0.4803312625 0.372294371875 0.4751552796875 0.39069264062500003 0.479296065625 0.3928571421875 0.48447205000000004 0.39339826875 0.4958592125 0.38095238125 0.53450655625 0.3821595078125 0.5359133625 0.38061937968750004 0.54053193125 0.3793290046875 0.5390786750000001 0.377705628125 0.54365079375 0.378246753125 0.5455486546875 0.3760822515625 0.547619046875 0.374458875 0.55279503125 0.3759990015625 0.5543876421875 0.374458875 0.5590062109375 0.3766233765625 0.5641821953124999 0.375541125 0.5766045546874999 0.3766233765625 0.5807453421875 0.378787878125 0.58385093125 0.378787878125 0.6169772250000001 0.38149350625 0.6273291921874999 0.38419913437500003 0.6304347828125 0.3869047625 0.6304347828125 0.38906926406250003 0.6283643890625 0.39069264062500003 0.6231884062499999 0.390151515625 0.6138716359374999 0.3879870125 0.6055900624999999 0.38906926406250003 0.601449275 0.3885281390625 0.58385093125 0.3917748921875 0.5807453421875 0.3928571421875 0.5766045546874999 0.3928571421875 0.569358178125 0.390151515625 0.5569358171875 0.38744588750000003 0.553830228125 0.3852813859375 0.553830228125 0.3831168828125 0.547619046875 0.3880952375 0.528571428125 0.38419913437500003 0.52536231875 0.38582251093750003 0.5207902 0.3893398265625 0.5238095234375 0.3883200140625 0.5174390828125001 0.390584415625 0.5190476187499999 0.3898601390625 0.5128205125 0.39182900468750004 0.5142857140625 0.391400265625 0.5082019437499999 0.39307359375 0.509523809375 0.39431818125 0.5047619046875 0.3925865796875 0.5030193234375 0.39448051875 0.49896480312499997 0.3955627703125 0.5 0.39935065000000003 0.501035196875 0.4015151515625 0.49896480312499997 0.40313852812500006 0.49378882031250004 0.4420995671875 0.5041407875 0.44318181875 0.5082815734375 0.4458874453125 0.5113871640625 0.4485930734375 0.5113871640625 0.450757575 0.5093167703125 0.5800282234374999 0.6098932328125 0.696969696875 0.70910973125 0.6958874453125 0.7132505171875 0.696969696875 0.7318840578125 0.6985930734375 0.7370600421875 0.700757575 0.739130434375 0.703463203125 0.739130434375 0.70562770625 0.7370600421875 0.7072510828125 0.7318840578125 0.7061688312500001 0.7132505171875 0.7050865796875 0.70910973125 0.702380953125 0.7060041406249999 0.6996753250000001 0.7060041406249999 0.5775401078125 0.60778224375 0.45313428437500003 0.502232778125 0.45238095312500004 0.5041407875 0.4506461671875 0.5001217875 0.45238095312500004 0.49792960624999993 0.45129870156249996 0.49378882031250004 0.4485930734375 0.4906832296875 0.4458874453125 0.4906832296875 0.445669934375 0.495899809375 0.44318181875 0.49378882031250004 0.4420995671875 0.49792960624999993 0.4404192296875 0.4926991390625 0.40174299375 0.477443609375 0.40097402656250003 0.47308488593750003 0.39935065000000003 0.467908903125 0.397186146875 0.465838509375 0.39448051875 0.465838509375 0.39231601718750003 0.467908903125 0.393455228125 0.4741745671875 0.3743177109375 0.470114321875 0.372294371875 0.46894410000000003 0.371212121875 0.46480331250000007 0.36850649375 0.46169772187499997 0.36580086562499997 0.46169772187499997 0.3636363640625 0.46376811562500003 0.36255411249999997 0.46687370625 0.3614718609375 0.46687370625 0.3603896109375 0.46273291875 0.35768398281249997 0.45962732968750003 0.3549783546875 0.45962732968750003 0.3552136265625 0.4666486640625 0.352484471875 0.46615356874999997 0.35064934999999997 0.46376811562500003 0.34975531718749997 0.465658475 0.3470261625 0.46516338125 0.34821428593750003 0.46014492812499996 0.34577922031249997 0.45652173906250004 0.34307359375 0.45652173906250004 0.34090909062499997 0.4585921328125 0.34156785156249997 0.4641731921875 0.338838696875 0.4636780984375 0.3363095234375 0.461180125 0.3361095421875 0.46318300468749996 0.3333803875 0.46268791093750006 0.3333333328125 0.4585921328125 0.33065123281250003 0.4621928171875 0.33062770625 0.4585921328125 0.32792207812499996 0.46169772187499997 0.3268398265625 0.465838509375 0.32514181249999996 0.46123366875 0.25563516875 0.44963232656249996 0.2554112546875 0.448240165625 0.252854903125 0.4491682734375 0.252705628125 0.445134575 0.25 0.445134575 0.2500746375 0.44870421875 0.24729437187499997 0.448240165625 0.24621212187500002 0.45238095312500004 0.2453327921875 0.452251553125 0.2355248921875 0.47230848906249995 0.2370129875 0.47722567343750005 0.23430735937499997 0.47722567343750005 0.2335633109375 0.476319875 0.23160173125 0.4803312625 0.23051948125 0.48447205000000004 0.22968585468749997 0.48399641875 0.09365859374999999 0.7442224828125 0.0925324671875 0.7484472046875 0.0917427171875 0.7478876390625 0.0898268390625 0.7515527953125 0.0887445890625 0.75569358125 0.0887445890625 0.7619047625 0.0898268390625 0.7660455484375001 0.0925324671875 0.7691511390625
1 0.4991396109375 0.5299585921875 0.49878246718749997 0.570393375 0.5238636359375 0.5748447203125 0.5242207796875 0.5313250515625 0.4991396109375 0.5299585921875
1 0.6793452375 0.5566873703125 0.6775541125 0.6029503109375 0.7090800859375 0.6070600421875 0.712840909375 0.5638819875000001 0.6793452375 0.5566873703125
1 0.7248430734375 0.6656625265625 0.722516234375 0.7105486546875001 0.7538636359375 0.7174016562500001 0.759415584375 0.672515528125 0.7248430734375 0.6656625265625
1 0.7327272734375 0.5683333328125 0.7298593078125 0.611169771875 0.76353355 0.6190579703125 0.7683712125 0.570051759375 0.7327272734375 0.5683333328125
1 0.674686146875 0.6543478265625 0.6732521640625 0.6951242234375 0.7006601734375 0.7026708078125 0.7071103890625 0.6608592125 0.674686146875 0.6543478265625
27 1 0.9911387156250001 0.8341991343749999 0.5237060046875001 0.8193722937500001 0.5427536234375 0.8 0.7800207046875001 0.26069805156250003 0.6293374734375 0.0012445890625000001 0.9070186328125001 0 0.95410973125 0 1 1 1 1 0.9911387156250001
1 0 0.7781987578125 0.00310065 0.8256418218749999 0.031450217187500004 0.815414078125 0.024496753125 0.7540165625 0 0.7679813671875 0 0.7781987578125
27 0.3334956703125 0.5278467906250001 0.2989718609375 0.542650103125 0.28143939375000004 0.5751552796875 0.2988636359375 0.6326086953125001 0.31866883125 0.6473084890624999 0.36877705625 0.657453415625 0.3698593078125 0.6185300203125 0.372510821875 0.578467909375 0.3613636359375 0.5494824015625001 0.3334956703125 0.5278467906250001
1 0.15086038906250002 0.6616666671875 0.156239178125 0.6953830234375 0.17149891718750002 0.6826397515625 0.165692640625 0.6464492749999999 0.15086038906250002 0.6616666671875
1 0.18031385312499998 0.636169771875 0.18544372343749999 0.6678053828125 0.1981547625 0.657546584375 0.192992425 0.628768115625 0.18031385312499998 0.636169771875
1 0.20890151562499998 0.609026915625 0.21513528124999998 0.64233954375 0.22609848437500002 0.6308178046874999 0.2230898265625 0.59710145 0.20890151562499998 0.609026915625
1 0.2334036796875 0.5880538296875 0.2383495671875 0.6188923390625 0.2488798703125 0.609026915625 0.24350649375 0.576956521875 0.2334036796875 0.5880538296875
1 0.261780303125 0.48689440937499995 0.26285173125 0.5206211187500001 0.2789772734375 0.5226708078125 0.278544371875 0.4873084890625 0.261780303125 0.48689440937499995
1 0.1016125546875 0.6853312625 0.1090422078125 0.7457349890625 0.1476731609375 0.7009627328125 0.135043290625 0.656200828125 0.1016125546875 0.6853312625
1 0.1391233765625 0.551035196875 0.1443290046875 0.5972256734375 0.164388528125 0.5922463765625 0.1565854984375 0.53753623125 0.1391233765625 0.551035196875
1 0.041071428125 0.7329399578125 0.0503571421875 0.78552795 0.09418831093749999 0.747153209375 0.084902596875 0.696708075 0.041071428125 0.7329399578125
1 0.0871266234375 0.590900621875 0.093814934375 0.6363768109375 0.1287283546875 0.61648033125 0.122786796875 0.5624741203125 0.0871266234375 0.590900621875
10 0.3419913421875 0.3395445140625 0.340611471875 0.343737059375 0.340016234375 0.354192546875 0.34071428593749997 0.3544099375 0.33971861406250004 0.359420290625 0.3402391265625 0.3604456265625 0.33928571406249997 0.3646480328125 0.339801071875 0.36567090625 0.3388528140625 0.3698757765625 0.3393630171875 0.370896184375 0.3384199140625 0.3751035203125 0.3389249640625 0.3761214625 0.3379870125 0.3803312625 0.3384869109375 0.381346740625 0.33279220781249996 0.44306418281250004 0.33279220781249996 0.4492753625 0.333874459375 0.4534161484375 0.3365800859375 0.45652173906250004 0.33928571406249997 0.45652173906250004 0.3414502171875 0.4544513453125 0.34253246718749997 0.45134575625 0.3452380953125 0.45134575625 0.34740259687499997 0.4492753625 0.34902597343749997 0.44409937812500005 0.34902597343749997 0.4378881984375 0.3479437234375 0.4337474125 0.3452380953125 0.430641821875 0.34253246718749997 0.430641821875 0.34084415625000003 0.359855071875 0.34564982187500004 0.3328382390625 0.34740259687499997 0.3364389234375 0.38784584443413084 0.37109550304300204 0.34813194062499997 0.3350886671875 0.3484848484375 0.32608695625 0.34740259687499997 0.3219461703125 0.3446969703125 0.3188405796875 0.3419913421875 0.3188405796875 0.3398268390625 0.3209109734375 0.3382034625 0.32608695625 0.3406855828125 0.32833738437500004 0.3382034625 0.3322981359375 0.33928571406249997 0.3364389234375 0.3419913421875 0.3395445140625
10 0.4615800859375 0.43995859218750005 0.4615800859375 0.4337474125 0.4604978359375 0.429606625 0.45779220781249996 0.4265010359375 0.4550865796875 0.4265010359375 0.45238095312500004 0.429606625 0.45129870156249996 0.4337474125 0.4498988328125 0.4273561984375 0.43997035625 0.4183544875 0.45129870156249996 0.43995859218750005 0.45238095312500004 0.44409937812500005 0.4550865796875 0.44720496875000004 0.45779220781249996 0.44720496875000004 0.459956709375 0.445134575 0.4615800859375 0.43995859218750005
10 0.8278679656250001 0.5166356109375 0.7520183984375 0.39230848906250004 0.5146212125 0.356169771875 0.48563852812499997 0.36042443125 0.455151515625 0.44498964843750005 0.4648051953125 0.4556832296875 0.4592153671875 0.4705900625 0.8278679656250001 0.5166356109375
27 1 0.433271221875 0.9975216453125 0.0060559 0.047348484375 0.3932608703125 0.39801948125000003 0.2930641828125 0.48978355 0.3195341609375 0.488327921875 0.3543685296875 0.7562175328125 0.3910559 0.833598484375 0.5208592125 0.999442640625 1 1 1 1 0.433271221875
27 1 0 0 0.0033333328125 0 0.261594203125 0.001617965625 0.4114078671875 1 0.005082815625 1 0
10 0.4642965375 0.452763975 0.44058441562499995 0.44693581718750003 0.436185065625 0.4611904765625 0.44753246718749995 0.46410973125000005 0.45786255468750003 0.464751553125 0.4642965375 0.452763975
10 0.419989178125 0.451821946875 0.4160930734375 0.458633540625 0.42710497812500003 0.460579709375 0.4272727265625 0.45312629375 0.419989178125 0.451821946875
10 0.4072889609375 0.46251552812499996 0.41253787812500003 0.458302278125 0.4098268390625 0.451821946875 0.37307359375 0.443074534375 0.371212121875 0.449886128125 0.3793398265625 0.456035196875 0.3949242421875 0.45700828125 0.4072889609375 0.46251552812499996
1 0.631158009375 0.5501759828125 0.6293668828125 0.5875258796875 0.6589231609375 0.5960973078125 0.66214826875 0.553602484375 0.631158009375 0.5501759828125
10 0.36748376562499996 0.44404761875 0.3546103890625 0.44340579687500004 0.350882034375 0.456035196875 0.3571536796875 0.45312629375 0.36443181875 0.4550621125 0.36748376562499996 0.44404761875
10 0.31040584375 0.4353002078125 0.31023268437499996 0.44340579687500004 0.316672078125 0.445341615625 0.32073593125 0.441138715625 0.32073593125 0.4372463765625 0.31040584375 0.4353002078125
10 0.263652596875 0.44243271249999994 0.2809307359375 0.44437888125 0.29295995625 0.447287784375 0.305492425 0.449554865625 0.3097240265625 0.44016563125 0.3083712125 0.4307660453125 0.314469696875 0.41651138750000005 0.3156547625 0.40613871562500004 0.31718073593749996 0.395445134375 0.3083712125 0.39220496875 0.30396645 0.40160455468749995 0.28957251093749997 0.416180125 0.2799134203125 0.42396480312499996 0.2656872296875 0.4333540375 0.263652596875 0.44243271249999994
1 0.4597348484375 0.5193374734375 0.4602705625 0.5614803312500001 0.4833766234375 0.5673084890625 0.4833766234375 0.525507246875 0.4597348484375 0.5193374734375