1 0.343003246875 0.351925465625 0.34508116875 0.39369565156249997 0.36311147187500004 0.3903830234375 0.3603354984375 0.35457556874999996 0.343003246875 0.351925465625
1 0.2868560609375 0.5949378875 0.29056818125 0.6211490687500001 0.33259740312499997 0.6331366453125 0.3302759734375 0.6051552796874999 0.2868560609375 0.5949378875
27 0 0 0 0.946977225 0.143733765625 0.6393788812500001 0.08910173125000001 0.334099378125 0.12073051875 0.328602484375 0.11785714218750001 0.3093478265625 0.1218831171875 0.30573498906249996 0.20483225156249998 0.27634575625 0.1997997828125 0.24471014531250002 0.4183225109375 0.13057970937500002 0.41688311718750004 0.0686956515625 0.547564934375 0 0 0
3 0.547564934375 0 0.41688311718750004 0.0686956515625 0.4183225109375 0.13057970937500002 0.1997997828125 0.24471014531250002 0.20483225156249998 0.27634575625 0.11785714218750001 0.3093478265625 0.12073051875 0.328602484375 0.08910173125000001 0.334099378125 0.143733765625 0.6393788812500001 0.1322294375 0.651759834375 0.14804653750000002 0.6627536234375 0.1595454546875 0.6572567281249999 0.1609848484375 0.68338509375 0.21417748906249998 0.7108902687499999 0.2055519484375 0.7191407875 0.2429329 0.741138715625 0.369442640625 0.8305279499999999 0.3521915578125 0.869026915625 0.42048160156250003 0.9322877843749999 0.43916666718749997 0.8814078671875001 0.6533766234375 0.9762836437500001 0.764794371875 0.0453209109375 0.7525757578125 0.0590683234375 0.76064935 0 0.547564934375 0
6 0.42622835468750003 0.299720496875 0.43916666718749997 0.8814078671875001 0.6533766234375 0.9762836437500001 0.7425108218750001 0.2350931671875 0.42622835468750003 0.299720496875
6 0.180119046875 0.38292960625 0.215476190625 0.37895445156249996 0.20483225156249998 0.27634575625 0.1218831171875 0.30573498906249996 0.1293668828125 0.37496894375 0.1539123375 0.3709937890625 0.1564069265625 0.389296065625 0.180119046875 0.38292960625
6 0.17304653750000001 0.558799171875 0.1697186140625 0.5277639749999999 0.17304653750000001 0.5198136640625 0.1693019484375 0.4704658390625 0.15557359375 0.467287784375 0.150584415625 0.4354554859375 0.139767315625 0.433861284375 0.1647294375 0.5802898546875 0.17970238125 0.6153002078124999 0.17637445937500001 0.587453415625 0.17304653750000001 0.558799171875
6 0.1663906921875 0.38770186406249996 0.1697186140625 0.413964803125 0.18760822500000002 0.413964803125 0.184280303125 0.38452380937499997 0.1663906921875 0.38770186406249996
6 0.18497294375 0.554192546875 0.1895454546875 0.584585921875 0.21265692656250001 0.591035196875 0.209767315625 0.5551138718749999 0.18497294375 0.554192546875
6 0.17691017343749998 0.520900621875 0.1819642859375 0.5522153203125 0.2070021640625 0.5512939953125 0.2041125546875 0.5162939953125 0.17691017343749998 0.520900621875
6 0.16445346249999998 0.434865425 0.16676406875 0.4591821953125 0.18091991406250002 0.45751552812499996 0.1762987015625 0.429886128125 0.16445346249999998 0.434865425
1 0.253425325 0.2971428578125 0.2555086578125 0.3336128359375 0.3054274890625 0.32167701875 0.30057359375 0.2798964796875 0.253425325 0.2971428578125
1 0.33814935 0.2809627328125 0.340232684375 0.3174327125 0.357564934375 0.315445134375 0.355827921875 0.2783126296875 0.33814935 0.2809627328125
1 0.349935065625 0.430838509375 0.35062770625 0.46399585937500004 0.36657467499999996 0.46333333281250005 0.36657467499999996 0.42619047656250003 0.349935065625 0.430838509375
1 0.3527110390625 0.4964906828125 0.3540963203125 0.5296480328125 0.3721212125 0.5322981359375001 0.3676136359375 0.49516563125 0.3527110390625 0.4964906828125
1 0.22028679687500002 0.314782609375 0.2237554109375 0.35126294062499996 0.233463203125 0.3479399578125 0.2299945890625 0.3121325046875 0.22028679687500002 0.314782609375
1 0.3627651515625 0.6158592125 0.3634577921875 0.6450414078125 0.3794047625 0.6516666671875 0.37628246718749997 0.6191718421875 0.3627651515625 0.6158592125
1 0.3703896109375 0.7239544515625 0.37177489218750004 0.7524741203125 0.3877218609375 0.758436853125 0.38529761875 0.7299275359374999 0.3703896109375 0.7239544515625
1 0.37177489218750004 0.77634575625 0.37177489218750004 0.7969047625 0.382175325 0.80154244375 0.3884145015625 0.78496894375 0.37177489218750004 0.77634575625
1 0.348896103125 0.7120186328125 0.34785714218749997 0.73522774375 0.357564934375 0.7465010359375001 0.358603896875 0.7153312625 0.348896103125 0.7120186328125
1 0.368658009375 0.66891304375 0.368658009375 0.7007453421875 0.381482684375 0.7060559 0.381482684375 0.674886128125 0.368658009375 0.66891304375
1 0.3398863640625 0.60789855 0.3398863640625 0.6390683234375001 0.349935065625 0.645703934375 0.34785714218749997 0.6151966875 0.3398863640625 0.60789855
1 0.334686146875 0.5521946171875001 0.33676406875 0.5820393375 0.346125540625 0.58667701875 0.3454274890625 0.5548447203125 0.334686146875 0.5521946171875001
1 0.35998917812500003 0.55351966875 0.35998917812500003 0.584689440625 0.37801406875 0.592650103125 0.374550865625 0.5628053828125 0.35998917812500003 0.55351966875
1 0.331563853125 0.4905175984375 0.33225649375 0.52766045625 0.338841990625 0.5289855078125 0.3384956703125 0.4964906828125 0.331563853125 0.4905175984375
1 0.32497835468749997 0.4301759828125 0.32705627656249997 0.4626708078125 0.33814935 0.464658384375 0.3339880953125 0.4315010359375 0.32497835468749997 0.4301759828125
1 0.284767315625 0.361200828125 0.2871915578125 0.3963561078125 0.3104166671875 0.391708075 0.3055627703125 0.35921325 0.284767315625 0.361200828125
1 0.20399350625 0.389720496875 0.2060768390625 0.4162525875 0.21577922031250002 0.4142546578125 0.21162337656250002 0.38707039375 0.20399350625 0.389720496875
27 0.6685768390625 1 0.7425108218750001 0.2350931671875 0.6533766234375 0.9762836437500001 0.6665043296875 1 0.6685768390625 1
1 0.1845833328125 0.4819047625 0.18562229375 0.49781573437500004 0.19983766249999999 0.49715320937499996 0.196369046875 0.477256728125 0.1845833328125 0.4819047625
1 0.15268939374999999 0.3963561078125 0.1565043296875 0.4242028984375 0.1665584421875 0.42354037343749995 0.16274350625 0.39834368593749997 0.15268939374999999 0.3963561078125
1 0.2819913421875 0.546231884375 0.28337662343750003 0.5687784671875 0.327402596875 0.5800517593750001 0.32497835468749997 0.5449068328125 0.2819913421875 0.546231884375
27 0.6665043296875 1 0.6533766234375 0.9762836437500001 0.43916666718749997 0.8814078671875001 0.42048160156250003 0.9322877843749999 0.3521915578125 0.869026915625 0.369442640625 0.8305279499999999 0.2429329 0.741138715625 0.2055519484375 0.7191407875 0.21417748906249998 0.7108902687499999 0.1609848484375 0.68338509375 0.1595454546875 0.6572567281249999 0.14804653750000002 0.6627536234375 0.1322294375 0.651759834375 0 0.946977225 0 1 0.6665043296875 1
27 0.76064935 0 0.7525757578125 0.0590683234375 0.764794371875 0.0453209109375 0.7425108218750001 0.2350931671875 0.6685768390625 1 1 1 1 0 0.76064935 0