1 0.3126406921875 0.3920496890625 0.3110389609375 0.42351966875 0.3278896109375 0.4150724640625 0.3268831171875 0.3859109734375 0.3126406921875 0.3920496890625
1 0.3397240265625 0.37977225625 0.33892316093749997 0.4112422359375 0.3493560609375 0.4081677015625 0.350557359375 0.37516563125 0.3397240265625 0.37977225625
1 0.35677489218749997 0.3682505171875 0.35697510781249997 0.40279503125 0.37904220781250003 0.3966563140625 0.37904220781250003 0.358664596875 0.35677489218749997 0.3682505171875
1 0.39529220781249996 0.35174948281249996 0.394891775 0.3682505171875 0.40472402656249995 0.36365424375 0.40512445937499997 0.3494513453125 0.39529220781249996 0.35174948281249996
1 0.4302002171875 0.33563147031249996 0.43 0.3743995859375 0.43721861406249996 0.371708075 0.437624459375 0.3310248453125 0.4302002171875 0.33563147031249996
1 0.293625540625 0.40207039375000003 0.2930248921875 0.42815735000000005 0.3064610390625 0.425476190625 0.306260821875 0.3963043484375 0.293625540625 0.40207039375000003
6 0.2821915578125 0.382877846875 0.283192640625 0.37750517656250004 0.283192640625 0.3744306421875 0.26192640625 0.3890165625 0.266141775 0.3963043484375 0.2715584421875 0.40052795 0.2789772734375 0.3905486546875 0.2821915578125 0.382877846875
6 0.40042207812499997 0.44468944062500004 0.393766234375 0.40728778437499996 0.3717207796875 0.41206004218750003 0.374632034375 0.440703934375 0.37920995625 0.45025879843750005 0.3941829 0.45343685312500004 0.40042207812499997 0.44468944062500004
6 0.5569751078125 0.565414078125 0.551482684375 0.6093374734375 0.586428571875 0.630341615625 0.607895021875 0.602650103125 0.60339826875 0.4632298140625 0.6118885281249999 0.39255693593749996 0.56146645 0.35150103593750004 0.561969696875 0.40497929531250004 0.5709523812499999 0.440310559375 0.5644642859375 0.49092132499999996 0.5569751078125 0.565414078125
6 0.4576406921875 0.44699792968749996 0.4556439390625 0.6102898546875 0.5499891781249999 0.6360766046874999 0.5509848484375001 0.3820600421875 0.4576406921875 0.44699792968749996
6 0.613382034375 0.2636438921875 0.61388528125 0.37345755625 0.6568127703125 0.4269358171875 0.6548160171874999 0.34863354062499996 0.613382034375 0.2636438921875
6 0.531017315625 0.2798757765625 0.529523809375 0.33430641875 0.5909199140625 0.3113871640625 0.588425325 0.252184265625 0.531017315625 0.2798757765625
6 0.46712121250000005 0.3113871640625 0.46712121250000005 0.36391304375 0.5185389609375 0.347681159375 0.519036796875 0.281790890625 0.46712121250000005 0.3113871640625
6 0.480503246875 0.2583954453125 0.4766071421875 0.298022775 0.5124512984375 0.2841718421875 0.5084577921875 0.2641200828125 0.489983765625 0.2641200828125 0.480503246875 0.2583954453125
6 0.46163419843750003 0.252184265625 0.46063311718750005 0.30661490625 0.4766071421875 0.298022775 0.48259740312500005 0.23690476249999998 0.46163419843750003 0.252184265625
27 0 0 0 1 0.013225107812500001 1 0.270367965625 0.5623706 0.258982684375 0.5325776390625 0.2607792203125 0.475279503125 0.2607792203125 0.390476190625 0.6362932906250001 0 0 0
3 0.270367965625 0.5623706 0.30450757500000003 0.56924430625 0.3410497828125 0.5738302281250001 0.3410497828125 0.45923395468750006 0.3829816015625 0.4523602484375 0.38777056249999997 0.5841407875 0.5680790046874999 0.6403002078125 0.599226190625 0.6334161484374999 0.6142045453125 0.609358178125 0.623787878125 0.5738302281250001 0.6369642859375 0.5337267078125 0.6417586578125001 0.4913250515625 0.653739178125 0.45923395468750006 0.6645183984374999 0.432877846875 0.679496753125 0.427153209375 0.7178300859375 0.44318840625 0.7519751078125 0.43975155312499997 0.7771374453125001 0.432877846875 0.774740259375 0.376728778125 0.7118398265625 0.390476190625 0.7070508656250001 0.3079710140625 0.665719696875 0.3194306421875 0.660324675 0.30338509375 0.653739178125 0.302236025 0.6082142859374999 0.14983436875 0.2607792203125 0.390476190625 0.2607792203125 0.475279503125 0.258982684375 0.5325776390625 0.270367965625 0.5623706
27 0.6362932906250001 0 0.6082142859374999 0.14983436875 0.653739178125 0.302236025 0.660324675 0.30338509375 0.665719696875 0.3194306421875 0.7070508656250001 0.3079710140625 0.7118398265625 0.390476190625 0.774740259375 0.376728778125 0.7771374453125001 0.432877846875 0.7519751078125 0.43975155312499997 0.7178300859375 0.44318840625 0.679496753125 0.427153209375 0.6645183984374999 0.432877846875 0.653739178125 0.45923395468750006 0.6417586578125001 0.4913250515625 0.6369642859375 0.5337267078125 0.623787878125 0.5738302281250001 0.6142045453125 0.609358178125 0.599226190625 0.6334161484374999 0.5680790046874999 0.6403002078125 0.5481980515625 0.640807453125 0.5481980515625 0.6487267078125 0.4556439390625 0.6102898546875 0.38777056249999997 0.5841407875 0.3829816015625 0.4523602484375 0.3410497828125 0.45923395468750006 0.3410497828125 0.5738302281250001 0.30450757500000003 0.56924430625 0.270367965625 0.5623706 0.013225107812500001 1 1 1 1 0 0.6362932906250001 0