1 0.2974945890625 0.3138095234375 0.28915043281249997 0.338633540625 0.3021266234375 0.338633540625 0.3104653671875 0.3138095234375 0.2974945890625 0.3138095234375
1 0.3114177484375 0.2748447203125 0.303982684375 0.297846790625 0.3188095234375 0.301397515625 0.32436688281250003 0.28721532031249997 0.3114177484375 0.2748447203125
1 0.32436688281250003 0.2464389234375 0.3160281390625 0.2588405796875 0.3290043296875 0.26062111875 0.3373430734375 0.244658384375 0.32436688281250003 0.2464389234375
27 0 1 0.13068181875 0.6861283640625 0.1362554109375 0.6346790890625 0 0 0 1
6 0.9119480515625 0.664855071875 0.8090800859374999 0.5265631468749999 0.821125540625 0.5283333328125 0.609821428125 0.063819875 0.6061093078125 0.072681159375 0.594063853125 0.072681159375 0.5792370124999999 0.0620496890625 0.5708928578125 0.0709109734375 0.5588474031249999 0.0372256734375 0.516212121875 0.0372256734375 0.5171428578125 0.072681159375 0.498603896875 0.063819875 0.48377705625 0.0673602484375 0.48099567031249996 0.038995859375000004 0.44021645 0.038995859375000004 0.4328030296875 0.0673602484375 0.4179653671875 0.0584886125 0.4049783546875 0.0709109734375 0.21501082187499998 0.56733954375 0.180719696875 0.67726708125 0.81649350625 0.6719461703125 0.7831277062499999 0.5779813671875 0.85170995625 0.664855071875 0.9119480515625 0.664855071875
1 0.34475649375 0.196790890625 0.340124459375 0.20388198750000003 0.3503192640625 0.2092028984375 0.355882034375 0.1950207046875 0.34475649375 0.196790890625
27 0 0 0.1362554109375 0.6346790890625 0.389242425 0.063819875 0.4049783546875 0.0709109734375 0.4179653671875 0.0584886125 0.4328030296875 0.0673602484375 0.44021645 0.038995859375000004 0.48099567031249996 0.038995859375000004 0.48377705625 0.0673602484375 0.498603896875 0.063819875 0.5171428578125 0.072681159375 0.516212121875 0.0372256734375 0.5588474031249999 0.0372256734375 0.5708928578125 0.0709109734375 0.5792370124999999 0.0620496890625 0.594063853125 0.072681159375 0.6061093078125 0.072681159375 0.609821428125 0.063819875 0.821125540625 0.5283333328125 0.8090800859374999 0.5265631468749999 0.9119480515625 0.664855071875 0.85170995625 0.664855071875 0.7831277062499999 0.5779813671875 0.81649350625 0.6719461703125 0.180719696875 0.67726708125 0.21501082187499998 0.56733954375 0.1955465375 0.5655693578125 0.13068181875 0.6861283640625 0 1 1 1 1 0 0 0
1 0.3549512984375 0.173737059375 0.3503192640625 0.18437888125 0.3595887453125 0.18437888125 0.36237012968750004 0.17905797031249998 0.3549512984375 0.173737059375
32 0.5588474031249999 0.0372256734375 0.5708928578125 0.0709109734375 0.573967425 0.06764585937499999 0.5718181812500001 0.0691407875 0.5616233765625 0.035445134375 0.516212121875 0.035445134375 0.5162968453125 0.0372256734375 0.5588474031249999 0.0372256734375
32 0.48285173124999997 0.038995859375000004 0.44021645 0.0372256734375 0.439107571875 0.043238523437499995 0.44021645 0.038995859375000004 0.48099567031249996 0.038995859375000004 0.48377705625 0.0673602484375 0.498603896875 0.063819875 0.5122010609375 0.070319071875 0.5004599562500001 0.0620496890625 0.48377705625 0.0655900625 0.48285173124999997 0.038995859375000004
32 0.434659090625 0.0673602484375 0.439107571875 0.043238523437499995 0.432988609375 0.0666502078125 0.434659090625 0.0673602484375
32 0.51806818125 0.0744513453125 0.5162968453125 0.0372256734375 0.516212121875 0.0372256734375 0.5171428578125 0.072681159375 0.5122010609375 0.070319071875 0.51806818125 0.0744513453125
32 0.4179653671875 0.0584886125 0.409848315625 0.06625275 0.417976190625 0.0602691515625 0.4282391328125 0.06463143437499999 0.4179653671875 0.0584886125
32 0.573967425 0.06764585937499999 0.5806038921875001 0.06302979843749999 0.5792370124999999 0.0620496890625 0.573967425 0.06764585937499999
32 0.5806038921875001 0.06302979843749999 0.594063853125 0.072681159375 0.5968452375 0.072681159375 0.5820129875 0.0620496890625 0.5806038921875001 0.06302979843749999
32 0.4049783546875 0.0709109734375 0.409848315625 0.06625275 0.405925325 0.0691407875 0.389242425 0.063819875 0.4049783546875 0.0709109734375
32 0.6079653671874999 0.076231884375 0.609821428125 0.063819875 0.6061093078125 0.072681159375 0.5968452375 0.072681159375 0.6079653671874999 0.076231884375
1 0.36237012968750004 0.15424430625000002 0.3595887453125 0.161335403125 0.3660768390625 0.16310559062500002 0.3679274890625 0.15955486562500001 0.36237012968750004 0.15424430625000002
1 0.23446969687500002 0.4609627328125 0.22056818125 0.496428571875 0.23632575781249998 0.5017391296875 0.251152596875 0.4680538296875 0.23446969687500002 0.4609627328125
3 0.21501082187499998 0.56733954375 0.180719696875 0.67726708125 0.81649350625 0.6719461703125 0.7831277062499999 0.5779813671875 0.85170995625 0.664855071875 0.9119480515625 0.664855071875 0.8090800859374999 0.5265631468749999 0.821125540625 0.5283333328125 0.609821428125 0.063819875 0.6061093078125 0.072681159375 0.594063853125 0.072681159375 0.5792370124999999 0.0620496890625 0.5708928578125 0.0709109734375 0.5588474031249999 0.0372256734375 0.516212121875 0.0372256734375 0.5171428578125 0.072681159375 0.498603896875 0.063819875 0.48377705625 0.0673602484375 0.48099567031249996 0.038995859375000004 0.44021645 0.038995859375000004 0.4328030296875 0.0673602484375 0.4179653671875 0.0584886125 0.4049783546875 0.0709109734375 0.389242425 0.063819875 0.1362554109375 0.6346790890625 0.13068181875 0.6861283640625 0.1955465375 0.5655693578125 0.21501082187499998 0.56733954375
1 0.3456872296875 0.22338509375 0.3373430734375 0.22338509375 0.335492425 0.2251552796875 0.3327110390625 0.230476190625 0.34475649375 0.2357971015625 0.3456872296875 0.22338509375
1 0.25764069218749996 0.4077743265625 0.24559523749999998 0.43968944062500004 0.26320346250000004 0.43968944062500004 0.27432359375000004 0.41132505156250004 0.25764069218749996 0.4077743265625
1 0.2798863640625 0.35281573437499997 0.268760821875 0.381180125 0.28636904687500003 0.3847308484375 0.294713203125 0.3581366453125 0.2798863640625 0.35281573437499997