50 0.196875 0.40859375 0.0515625 0.0921875
50 0.65703125 0.42734375 0.0578125 0.09296875
50 0.1265625 0.40703125 0.05234375 0.08671875
50 0.63515625 0.70546875 0.0515625 0.07109375
50 0.34921875 0.5515625 0.0453125 0.07578125
50 0.26796875 0.40859375 0.05234375 0.09140625
50 0.28984375 0.67578125 0.04453125 0.06328125
50 0.575 0.421875 0.05078125 0.0921875
50 0.3546875 0.67734375 0.04453125 0.06640625
50 0.28046875 0.5484375 0.046875 0.07578125
50 0.34140625 0.41015625 0.05 0.08828125
50 0.64453125 0.5734375 0.05234375 0.0765625
50 0.56328125 0.69609375 0.0484375 0.07109375
50 0.4203125 0.5515625 0.046875 0.07421875
50 0.22421875 0.67265625 0.04296875 0.06640625
50 0.14609375 0.546875 0.0453125 0.07578125
50 0.42265625 0.6828125 0.05 0.06953125
50 0.0796875 0.5421875 0.04453125 0.07578125
50 0.05546875 0.40703125 0.0515625 0.08515625
50 0.41640625 0.41171875 0.05 0.08984375
50 0.5703125 0.56640625 0.0515625 0.0828125
50 0.49765625 0.42109375 0.053125 0.09453125
50 0.2125 0.5453125 0.0453125 0.07421875
51 0.41015625 0.571875 0.81953125 0.775