3 0.19725108281249998 0.1519047625 0.22189393906250002 0.1990579703125 0.11714826874999999 0.7692857140625 0.3874945890625 0.7545548656250001 0.413679653125 0.77812629375 0.47991883125 0.772236025 0.5045670999999999 0.766335403125 0.7910876625000001 0.74865424375 0.704821428125 0.20789855 0.7310119046875 0.1607453421875 0.19725108281249998 0.1519047625
32 0.21460497812499998 0.15474120156249999 0.2114880953125 0.1658281578125 0.2360010828125 0.1914078671875 0.7066883109375001 0.20078675 0.7280844156249999 0.16412008281249998 0.21460497812499998 0.15474120156249999
6 0.4621915578125 0.637619046875 0.46156926406250004 0.7329503109375 0.483858225 0.7359109734375 0.488192640625 0.635838509375 0.4621915578125 0.637619046875
10 0.3729112546875 0.15973084843750002 0.2230465375 0.1582505171875 0.2204653671875 0.1695962734375 0.2372294375 0.1908178046875 0.7051406921875001 0.2001966875 0.7250054109375 0.16713250468750002 0.3729112546875 0.15973084843750002
6 0.4854978359375 0.3757142859375 0.46321428593749997 0.41479296093749995 0.48023809531249995 0.4183436859375 0.4870454546875 0.386956521875 0.4854978359375 0.3757142859375
6 0.487353896875 0.4982815734375 0.473425325 0.5284886125 0.482402596875 0.5539441 0.49323593125 0.519606625 0.487353896875 0.4982815734375
6 0.44330086562500004 0.5809937890625 0.426185065625 0.5062939953125001 0.4384848484375 0.31289855 0.44437229375 0.30573498906249996 0.4593452375 0.324161490625 0.45132575781249995 0.2658281578125 0.49464826874999995 0.26276397500000004 0.4983928578125 0.5492650109375 0.50160173125 0.5728053828124999 0.50481060625 0.57996894375 0.5096266234375 0.5901966875 0.5122997828125 0.595310559375 0.526742425 0.6004347828125 0.5294155843749999 0.6106625265625001 0.5288798703125 0.6393167703125 0.53850649375 0.6444306421875 0.5465313859375 0.643405796875 0.5668560609375 0.643405796875 0.5668560609375 0.6413561078125001 0.5668560609375 0.62089026875 0.5679274890625 0.596335403125 0.573273809375 0.5840579703125 0.5759469703125 0.5676915109375 0.574880953125 0.5554037265625 0.5780898265625 0.5533643890625 0.5845075750000001 0.5502898546874999 0.59948593125 0.5502898546874999 0.6042965375 0.5513147 0.6107142859375 0.56052795 0.61125 0.5646169765625 0.6139231609375 0.5881469984375001 0.6133928578125001 0.5983850937499999 0.6128571421875 0.6280538296875 0.6166017312500001 0.643405796875 0.6203463203124999 0.6474948234375 0.6272997828125 0.6474948234375 0.6529707796875 0.6474948234375 0.671158009375 0.6505693578125 0.6732954546875 0.659782609375 0.6674134203125 0.6689855078125 0.6642045453125001 0.6833126296875001 0.63692640625 0.700703934375 0.6422727265625 0.7027536234375 0.6561796531249999 0.698664596875 0.6754383109375001 0.7027536234375 0.6904112546875 0.7027536234375 0.6952272734375 0.679223603125 0.6909469703125 0.6505693578125 0.70752705625 0.6454554859375 0.7289231609375 0.632153209375 0.7647619046874999 0.6393167703125 0.704853896875 0.198302278125 0.43955627656249996 0.1942028984375 0.22451298749999998 0.19316770156250002 0.16516774843749998 0.5891718421875 0.167840909375 0.5994099375 0.1726569265625 0.6290786749999999 0.18549242500000002 0.6362422359375 0.21651515156249998 0.652619046875 0.2197240265625 0.681262940625 0.2240043296875 0.7170807453125 0.22614177500000002 0.738571428125 0.22721320312499999 0.739585921875 0.24593073593749998 0.739585921875 0.26358225156250004 0.737546584375 0.310119046875 0.7365217390625001 0.3513041125 0.7457349890625 0.379117965625 0.7508488609375 0.4090692640625 0.7447101453125 0.42136904687500004 0.7436853 0.4277922078125 0.5840579703125 0.44330086562500004 0.5809937890625
6 0.488901515625 0.43077639687499997 0.491071428125 0.41716356093750007 0.488901515625 0.39998964843749996 0.48766233750000004 0.3934782609375 0.4799242421875 0.4183436859375 0.46011363593750004 0.4195341609375 0.4591883109375 0.4728260875 0.48147186093750005 0.4692650109375 0.48920995625 0.4550621125 0.488901515625 0.43077639687499997
6 0.45547077968750005 0.5267080749999999 0.45547077968750005 0.5817805390624999 0.48023809531249995 0.5847412015625 0.48209415624999996 0.5302587984375 0.45547077968750005 0.5267080749999999
27 0.40228355000000005 0.780341615625 0.38310065 0.7564699796875 0.1182251078125 0.7706107656250001 0.12823593125 0.7912422359375 0.9978896109375001 0.9933954453125 0.711369046875 0.2330952375 0.7922619046875 0.750310559375 0.482462121875 0.7744409937500001 0.40228355000000005 0.780341615625
27 0.9986634203125 0.0047101453125 0.73062229375 0.1579503109375 0.705205628125 0.21835403750000001 0.9986634203125 0.99634575625 0.9986634203125 0.0047101453125
27 0.698841990625 0 0.0010281390625 0.003209109375 0.0017694812500000001 0.9990269156249999 1 0.9969151140625 1 0.9963561078125001 0.11600649375000001 0.7725258796875 0.2210930734375 0.1959316765625 0.19660173125 0.15402691562499998 0.731563853125 0.16056935781249998 0.999767315625 0 0.698841990625 0
27 0.00475649375 0.7540165625 0.02187229375 0.7468530015625 0.0518290046875 0.7315113875 0.0855248921875 0.7284368531250001 0.11333874531250002 0.7274120078124999 0.12991883125 0.7212732921875 0.1486363640625 0.6946687375 0.1716396109375 0.6834161484375 0.189291125 0.6670393375 0.1946374453125 0.6486231890624999 0.20266233749999998 0.651697721875 0.2326136359375 0.6721635609375001 0.250800865625 0.6711387156249999 0.258820346875 0.6465734984375 0.26524350625 0.613830228125 0.260963203125 0.5933747406250001 0.2513365796875 0.58108695625 0.22833333281249998 0.5677846796875 0.245449134375 0.55858178125 0.264172078125 0.5268633546875 0.28716991406250003 0.49412008281249997 0.31551948125 0.459327121875 0.3197997828125 0.41430641875 0.3026839828125 0.42863354062500003 0.2604274890625 0.46444099375 0.2395671 0.49615942031250004 0.1994534625 0.5330020703125 0.1614772734375 0.5759730843749999 0.1823376625 0.5074223609375 0.1946374453125 0.467515528125 0.19980682031250002 0.399310784375 0.191428571875 0.431697721875 0.1753841984375 0.47569358125 0.15291666718750002 0.55858178125 0.1315205625 0.6332815734375 0.033641775 0.71410973125 0.00475649375 0.7540165625
6 0.1293290046875 0.7515527953125 0.1320346328125 0.754658384375 0.134740259375 0.754658384375 0.1379870125 0.7515527953125 0.140692640625 0.754658384375 0.1482683984375 0.7567287781250001 0.1509740265625 0.7639751546875 0.153138528125 0.7660455484375001 0.15638528125 0.7660455484375001 0.1601731609375 0.7629399578125 0.1617965375 0.75983436875 0.17045454531249998 0.75983436875 0.17261904687500002 0.757763975 0.174242425 0.7525879921875 0.174242425 0.7463768109375 0.17261904687500002 0.741200828125 0.17045454531249998 0.739130434375 0.165043290625 0.7380952375 0.16558441562499998 0.7308488609375 0.162678371875 0.723027375 0.2072510828125 0.726708075 0.20616883125 0.7308488609375 0.20616883125 0.7370600421875 0.209415584375 0.7463768109375 0.21482683906250002 0.7567287781250001 0.2169913421875 0.758799171875 0.21969697031250002 0.758799171875 0.221861471875 0.7567287781250001 0.2234848484375 0.7515527953125 0.2234848484375 0.745341615625 0.221861471875 0.7360248453125 0.21861471875 0.7329192546875001 0.2169913421875 0.727743271875 0.21320346250000002 0.723602484375 0.20995670937500002 0.723602484375 0.21124708593750002 0.7196846640625 0.335123209375 0.5019589109375 0.46536796562499994 0.309523809375 0.46753246718749997 0.31159420312499997 0.4702380953125 0.31159420312499997 0.472402596875 0.309523809375 0.5714285718750001 0.5714285718750001 0.5708874453125 0.5766045546874999 0.5720836171875 0.5814536343750001 0.5708874453125 0.58385093125 0.572180134375 0.5885093171875 0.5744759625 0.5911517921875 0.5734728234375 0.5931677015625 0.575672134375 0.5960008718750001 0.5747655125 0.5978260875 0.5768683078125 0.6008499515625 0.5760582015625 0.602484471875 0.5780644796875001 0.6056990296875 0.5773508890625 0.6071428578125 0.5792606515625 0.610548109375 0.578643578125 0.6118012421875 0.5804568234375 0.6153971890625 0.5799362671875 0.6164596265625 0.58122895625 0.6211180125 0.581652996875 0.62024626875 0.5836715375 0.6198240171875 0.5825216453125 0.625776396875 0.5847199671875 0.6246118015625 0.583814334375 0.6304347828125 0.5857683984375 0.6293995859375 0.5851070234375 0.6350931671875 0.5868168296875 0.6341873703124999 0.5863997109375 0.639751553125 0.587865259375 0.6389751546875 0.5876924 0.6444099375000001 0.588913690625 0.6437629406250001 0.5889850890624999 0.6490683234375 0.589962121875 0.648550725 0.590277778125 0.6537267078125 0.5910105515625 0.6533385093749999 0.5915704671875 0.65838509375 0.5920589828125 0.65812629375 0.5931074140625 0.662914078125 0.5923220296875 0.6645962734374999 0.5941558437500001 0.6677018640625 0.59307359375 0.670807453125 0.5925324671875 0.6790890265625 0.5936147187499999 0.6832298140625 0.596320346875 0.686335403125 0.5990259734375 0.686335403125 0.6017316015625 0.6832298140625 0.602813853125 0.6790890265625 0.6369047625 0.7008281578125 0.6358225109375 0.71687370625 0.6369047625 0.72049689375 0.634199134375 0.7223084890625 0.6325757578125 0.727743271875 0.633982684375 0.7293995859375 0.6325757578125 0.7349896484375 0.634199134375 0.74016563125 0.6363636359375 0.742236025 0.6396103890625 0.742236025 0.6417748921875 0.74016563125 0.6433982687500001 0.7349896484375 0.6433982687500001 0.7287784671875001 0.6423160171875 0.72463768125 0.6390692640625 0.72049689375 0.639880953125 0.7142857140625 0.6374458875 0.7114389234375 0.6379870125 0.70496894375 0.640692640625 0.708074534375 0.6433982687500001 0.708074534375 0.6461038968749999 0.70496894375 0.6472462718750001 0.7024384640625 0.6575877828125 0.71025995 0.6590909093749999 0.7163561078125 0.6590909093749999 0.7225672875 0.6601731609375 0.726708075 0.6623376624999999 0.7287784671875001 0.6623376624999999 0.7370600421875 0.6634199140625 0.741200828125 0.6666666671875 0.745341615625 0.66937229375 0.745341615625 0.6753246749999999 0.739130434375 0.677489178125 0.7308488609375 0.6801948046875 0.7287784671875001 0.6818181812499999 0.723602484375 0.6818181812499999 0.7173913046875 0.68073593125 0.7132505171875 0.678030303125 0.710144928125 0.6672077921875 0.711180125 0.6655844156249999 0.70910973125 0.6628787875000001 0.70910973125 0.6601731609375 0.7122153203125 0.647186146875 0.7008281578125 0.64466089375 0.7004830921874999 0.647186146875 0.6946169765625 0.6461038968749999 0.690476190625 0.6433982687500001 0.6873706 0.640692640625 0.6873706 0.6385281390624999 0.68944099375 0.6394901390625 0.6965723484375 0.6369047625 0.6946169765625 0.5796091156250001 0.58135428125 0.58170995625 0.5779848171874999 0.5827922078125 0.5662525875 0.5854978359375 0.5631469984375 0.5887445890625 0.5631469984375 0.5909090906250001 0.5610766046875 0.5919913421875 0.5579710140625 0.5941558437500001 0.5600414078125 0.5968614718749999 0.5600414078125 0.5990259734375 0.5579710140625 0.6006493500000001 0.55279503125 0.6006493500000001 0.5465838515625 0.5995671 0.5424430640625 0.5968614718749999 0.5393374734374999 0.5941558437500001 0.5393374734374999 0.5919913421875 0.5414078671875 0.5909090906250001 0.5445134578124999 0.5887445890625 0.5424430640625 0.5833333328125 0.5424430640625 0.575757575 0.549689440625 0.5741341984375 0.5610766046875 0.571969696875 0.5662525875 0.4776413203125 0.30022204218750004 0.4794372296875 0.2991718421875 0.48106060624999997 0.296066253125 0.4832251078125 0.2877846796875 0.4826839828125 0.276397515625 0.48430735937499997 0.27432712187499997 0.48538961093750005 0.27018633593749997 0.48538961093750005 0.2639751546875 0.483766234375 0.258799171875 0.48160173124999994 0.256728778125 0.47889610312500003 0.256728778125 0.4767316015625 0.258799171875 0.47456709999999996 0.2639751546875 0.47077922031249997 0.2629399578125 0.46861471874999994 0.2650103515625 0.4669913421875 0.27018633593749997 0.46851276718749996 0.2744771515625 0.46658549843749997 0.2758799171875 0.46499333906249996 0.2736980421875 0.3371212125 0.49844720468750003 0.16883116874999998 0.7060041406249999 0.166125540625 0.70289855 0.1585497828125 0.7018633546874999 0.1515151515625 0.7122153203125 0.149891775 0.7070393375 0.1477272734375 0.70496894375 0.1450216453125 0.70496894375 0.1423160171875 0.708074534375 0.140151515625 0.7153209109375 0.1385281390625 0.7132505171875 0.1358225109375 0.7132505171875 0.133658009375 0.7153209109375 0.13482042656249998 0.7207269375 0.1320346328125 0.72049689375 0.13095238125 0.7318840578125 0.128246753125 0.739130434375 0.128246753125 0.7474120078125 0.1293290046875 0.7515527953125
6 0.4885930734375 0.32952380937500003 0.48766233750000004 0.317091096875 0.48456710000000003 0.3010973078125 0.4817857140625 0.291035196875 0.473733765625 0.2987267078125 0.4659956703125 0.308209109375 0.4588798703125 0.323602484375 0.459496753125 0.3668322984375 0.4827110390625 0.369192546875 0.48580627656250003 0.347877846875 0.4885930734375 0.32952380937500003