50 0.5328125 0.41171875 0.02734375 0.0765625
50 0.53671875 0.6046875 0.03203125 0.09609375
50 0.584375 0.41953125 0.03125 0.05
50 0.48125 0.60625 0.0296875 0.0921875
50 0.48515625 0.4328125 0.02578125 0.04765625
50 0.57734375 0.30625 0.0265625 0.0359375
50 0.596875 0.6046875 0.03828125 0.10234375
50 0.44140625 0.43984375 0.02734375 0.0453125
50 0.53203125 0.3125 0.02578125 0.04453125
50 0.34140625 0.60625 0.03203125 0.0859375
68 0.8875 0.453125 0.221875 0.13984375
51 0.3625 0.38828125 0.7125 0.6296875