1 0.7700216453125 0.61930641875 0.7662175328124999 0.6561076609375001 0.780232684375 0.6570186328125 0.7830844156250001 0.61885093125 0.7700216453125 0.61930641875
1 0.775719696875 0.5488716359375 0.7731060609375 0.585672878125 0.7859307359375001 0.58522774375 0.7899729437499999 0.54614906875 0.775719696875 0.5488716359375
1 0.7636038968750001 0.6883643890625 0.7576677484375 0.736987578125 0.774767315625 0.738799171875 0.7788095234375 0.6879089031250001 0.7636038968750001 0.6883643890625
1 0.7222781390625 0.5588716359375 0.7184794375 0.6033954453125 0.7370021640625 0.6061283640624999 0.7400919906250001 0.5584161484375 0.7222781390625 0.5588716359375
1 0.7163419906249999 0.6315734984375 0.7123051953124999 0.6715527953125 0.730827921875 0.668374740625 0.7334415578125 0.6333850937500001 0.7163419906249999 0.6315734984375
1 0.684989178125 0.5475051765625001 0.68189935 0.5874948234375 0.6966287875 0.5879503109375 0.6980519484375 0.5475051765625001 0.684989178125 0.5475051765625001
1 0.68189935 0.61885093125 0.6783387453125 0.6579192546875 0.6921158015625 0.658830228125 0.694962121875 0.6206625265625 0.68189935 0.61885093125
1 0.5918831171875001 0.6884057968749999 0.5902218609375 0.7242650109375 0.603733765625 0.722877846875 0.6054220781249999 0.6879089031250001 0.5918831171875001 0.6884057968749999
1 0.5944967531249999 0.6233954453125 0.591645021875 0.6556521734375 0.6056601734375 0.6551966874999999 0.6068452375 0.6202070390625 0.5944967531249999 0.6233954453125
1 0.5956818187499999 0.55114906875 0.5947294375000001 0.5915838515625 0.6168235937500001 0.5915838515625 0.6191937234375 0.554782609375 0.5956818187499999 0.55114906875
1 0.5515043296875 0.544782609375 0.550313853125 0.5820393375 0.5645671 0.58022774375 0.565757575 0.5438716359375 0.5515043296875 0.544782609375
1 0.551266234375 0.61930641875 0.5493668828125 0.6515631468749999 0.5619534625 0.653830228125 0.5643290046875 0.619751553125 0.551266234375 0.61930641875
1 0.508273809375 0.629296065625 0.5078030296875 0.6642857140625 0.5253787875 0.6647412015625 0.5258495671875 0.629751553125 0.508273809375 0.629296065625
1 0.4660010828125 0.5429606625 0.4645725109375 0.5756832296875001 0.477159090625 0.5756832296875001 0.47787337656249995 0.5420600421875 0.4660010828125 0.5429606625
27 0 0 0 0.5592753625 0.1404112546875 0.52292960625 0.27573051875 0.378022775 0.63698593125 0 0 0
1 0.33892857187500003 0.617484471875 0.3396374453125 0.6515631468749999 0.3548430734375 0.6515631468749999 0.353652596875 0.6161180125 0.33892857187500003 0.617484471875
1 0.340827921875 0.68200828125 0.34344155781249996 0.721532090625 0.3588798703125 0.7197204968750001 0.3584036796875 0.6797308484375 0.340827921875 0.68200828125
1 0.29356060624999997 0.5529606625000001 0.2961742421875 0.5897619046875 0.314226190625 0.5897619046875 0.31066017343749996 0.549327121875 0.29356060624999997 0.5529606625000001
27 0.6353896109375 0 0.27573051875 0.378022775 0.474880953125 0.386169771875 0.5157305187500001 0.33569358125000004 0.6634740265625 0.0748447203125 0.6353896109375 0
27 0.5896645015625 0 0.275476190625 0.37786749531249997 0.472922078125 0.3892546578125 0.5137716453125 0.3387888203125 1 0.00010352031250000001 1 0 0.5896645015625 0
27 0.9803463203125 0 0.515476190625 0.34203933750000004 0.56228355 0.39089026875 1 0.40641821875 1 0 0.9803463203125 0
27 1 0.40759834375 0.755476190625 0.39740165625 1 0.64226708125 1 0.40759834375
27 1 0.63838509375 0.891645021875 0.5309109734375 0.8720725109374999 0.53578675 0.811753246875 1 1 1 1 0.63838509375
27 0.8142261906250001 1 0.8456872296875 0.744192546875 0.5554761906250001 0.7425569359375 0.5605844156249999 0.71977225625 0.5495183984375 0.7132505171875 0.54866883125 0.73930641875 0.534199134375 0.7409316765625 0.5376028140625 0.7165113875 0.5265422078124999 0.7165113875 0.523138528125 0.7018633546874999 0.5052651515625 0.7034886124999999 0.48824134218750004 0.696977225 0.5078192640625 0.6839544515625 0.5044101734375 0.653012421875 0.49504870156249997 0.6399896484375 0.5095183984375 0.602546584375 0.48483766250000004 0.6123084890625 0.480584415625 0.5992857140625001 0.4644101734375 0.6123084890625 0.4627110390625 0.602546584375 0.47122294374999996 0.5878881984375 0.45590367968749995 0.566728778125 0.43972943750000004 0.5602070390625 0.43547619062500004 0.586262940625 0.4278192640625 0.57812629375 0.40228355000000005 0.5764906828125 0.40143398281250003 0.5878881984375 0.3895183984375 0.5976604562500001 0.38356060625 0.6139441 0.39122294375 0.618819875 0.39377164531250003 0.6497619046875001 0.379307359375 0.6448757765625001 0.379307359375 0.6546480328125 0.38100649375 0.666035196875 0.38100649375 0.6839544515625 0.381861471875 0.7083747406249999 0.371645021875 0.723022775 0.3665422078125 0.7425569359375 0.19718073593750002 0.7425569359375 0.19122294374999999 0.71977225625 0.176753246875 0.721397515625 0.155476190625 0.517877846875 0 0.5596790890625 0 0.7562215328125 0 1 0.8142261906250001 1
1 0.25056818125 0.539327121875 0.25341991406250003 0.5756832296875001 0.2671969703125 0.5770393375 0.265773809375 0.5388716359375 0.25056818125 0.539327121875
1 0.2572186140625 0.61430641875 0.25959415625000004 0.6506521734375 0.27337121249999996 0.6511076609375 0.270286796875 0.6120289859375 0.2572186140625 0.61430641875
1 0.261969696875 0.6810973078125 0.2655357140625 0.71654244375 0.2783603890625 0.7178985499999999 0.27432359375000004 0.6801863359375 0.261969696875 0.6810973078125
1 0.675773809375 0.6892339546875 0.6753625546875 0.7245652171875 0.6885010828125 0.7245652171875 0.6901406921875 0.6900103515625 0.675773809375 0.6892339546875
1 0.639659090625 0.5463250515625 0.636374459375 0.594223603125 0.6527922078125 0.592650103125 0.6548430734374999 0.5439751546875 0.639659090625 0.5463250515625
3 0.191563853125 0.721397515625 0.198652596875 0.740393375 0.368869046875 0.7444616984375 0.3709956703125 0.721397515625 0.3830519484375 0.7118944093749999 0.377375540625 0.6820496890625 0.383760821875 0.6657660453124999 0.377375540625 0.6535610765625 0.38021645 0.64134575625 0.39156385312499997 0.6467701859375 0.3901406921875 0.6223498968750001 0.3823430734375 0.6115010359374999 0.38872294375 0.5965734984375 0.399361471875 0.5897929609375 0.4029112546875 0.5762215328125 0.4114177484375 0.5762215328125 0.427732684375 0.5762215328125 0.4369534625 0.584358178125 0.44049783593749997 0.5572256734375001 0.44545995625 0.55858178125 0.45823051875000004 0.56944099375 0.4724134203125 0.5857246375 0.46390151562500004 0.610144928125 0.469577921875 0.6060662531250001 0.478084415625 0.6033540375 0.4823430734375 0.5965734984375 0.485178571875 0.6128571421875 0.499361471875 0.6074327125 0.506455628125 0.6047101453125 0.49652597343749993 0.638633540625 0.505037878125 0.6535610765625 0.5071645015625 0.66983436875 0.5078733765625 0.6847619046875 0.49652597343749993 0.696977225 0.5036201296875 0.70240165625 0.5248971859375 0.70240165625 0.5270238093749999 0.7186853 0.5383712125 0.7118944093749999 0.5369534625 0.73089026875 0.542624459375 0.7363250515625 0.5539718609375 0.7173291921875 0.5617748921875 0.721397515625 0.5575216453125 0.7390372671875001 0.563901515625 0.7458178046875 0.578793290625 0.7458178046875 0.84545995625 0.7417494828125 0.8717045453125 0.53687370625 0.156098484375 0.5205900625 0.177375540625 0.7186853 0.191563853125 0.721397515625
32 0.5610660171874999 0.395776396875 0.5142586578125 0.34150103593750003 0.4709956703125 0.3930538296875 0.278084415625 0.3835610765625 0.14191558437500001 0.517877846875 0.8880140687500001 0.531449275 0.7539718609375 0.3971325046875 0.5610660171874999 0.395776396875
10 0.563192640625 0.391697721875 0.5142586578125 0.3374327125 0.47383116875000003 0.3889855078125 0.2759577921875 0.3808488609375 0.14191558437500001 0.517877846875 0.890854978125 0.5328053828125 0.756098484375 0.3971325046875 0.563192640625 0.391697721875
6 0.3367153671875 0.541697721875 0.3398051953125 0.5762215328125 0.35405844218750004 0.5762215328125 0.3502543296875 0.54078675 0.3367153671875 0.541697721875
6 0.37139610312500004 0.5430538296874999 0.37543289999999996 0.590310559375 0.3984740265625 0.5862215328125 0.3975216453125 0.537153209375 0.37139610312500004 0.5430538296874999
6 0.506780303125 0.555776396875 0.5077272734375 0.59667701875 0.525070346875 0.5939441000000001 0.5248322515625 0.5535093171875001 0.506780303125 0.555776396875
6 0.6362283546875 0.6243892343749999 0.6338528140624999 0.65437888125 0.6490530296875 0.65437888125 0.6495292203125 0.6216666671875 0.6362283546875 0.6243892343749999
6 0.6338528140624999 0.6898240171875 0.631239178125 0.7257142859375 0.6443019484375 0.7239026921875 0.6469155843750001 0.6880020703125 0.6338528140624999 0.6898240171875
6 0.299242425 0.6274327125 0.3012283546875 0.6639440999999999 0.3171915578125 0.661759834375 0.3151948046875 0.62522774375 0.299242425 0.6274327125