1 0.9046875 0.57421875 0.01171875 0.0140625
1 0.5796875 0.7328125 0.015625 0.02265625
1 0.68671875 0.68046875 0.0109375 0.02109375
1 0.70703125 0.6765625 0.01015625 0.0265625
1 0.6921875 0.584375 0.00546875 0.015625
1 0.6734375 0.58046875 0.009375 0.0125
1 0.58359375 0.50546875 0.009375 0.028125
1 0.553125 0.52578125 0.01328125 0.0125
1 0.5515625 0.50234375 0.01484375 0.015625
1 0.54921875 0.671875 0.01484375 0.015625
1 0.54921875 0.6984375 0.01484375 0.015625
1 0.5244209953125 0.49614906875000003 0.51383116875 0.49707039374999995 0.512867965625 0.52608695625 0.5246645015625 0.5265527953125 0.5244209953125 0.49614906875000003
1 0.31640692656249997 0.5059627328125 0.3171266234375 0.5289855078125 0.3416829 0.5289855078125 0.342402596875 0.5068840578125 0.31640692656249997 0.5059627328125
1 0.3183333328125 0.5455693578125 0.318814934375 0.5672153203125 0.342646103125 0.5662939953125 0.34336580156249996 0.538664596875 0.3183333328125 0.5455693578125
1 0.55234375 0.55859375 0.01484375 0.015625
1 0.55234375 0.5875 0.01484375 0.015625
1 0.5515625 0.615625 0.01484375 0.015625
1 0.55078125 0.64453125 0.01484375 0.015625
1 0.3226677484375 0.6280020703125 0.32290584375 0.6505693578125 0.34649891718750003 0.6413561078125001 0.34649891718750003 0.6169461703125 0.3226677484375 0.6280020703125
1 0.5131331171875 0.6821739124999999 0.5119696968749999 0.70838509375 0.5242857140625 0.7052691515625 0.5234740265625 0.6786231890625001 0.5131331171875 0.6821739124999999
1 0.5796875 0.6640625 0.01171875 0.0265625
1 0.93828125 0.61875 0.03125 0.03515625
1 0.84140625 0.559375 0.01171875 0.01953125
1 0.81640625 0.56015625 0.00859375 0.0109375
27 0.40568181875000003 1 0.4105627703125 0.99108695625 0.41148809531249997 0.9893167703125 0.41982683906249996 0.930807453125 0.3994372296875 0.8758385093750001 0.387391775 0.8598861281250001 0.40963203437500006 0.8474741203124999 0.40499999999999997 0.8439233953124999 0.40499999999999997 0.799606625 0.3985119046875 0.765921325 0.38646645 0.771231884375 0.3512445890625 0.8545652171875 0.3512445890625 0.81910973125 0.35217532500000004 0.7801035203125 0.374415584375 0.765921325 0.374415584375 0.718043478125 0.3595887453125 0.71095238125 0.35217532500000004 0.67549689375 0.34661255468749996 0.6737267078125 0.34661255468749996 0.6666252593750001 0.335492425 0.6453519671875 0.3345616890625 0.6613146999999999 0.32714826874999997 0.6613146999999999 0.3104653671875 0.6808178046875 0.304908009375 0.6613146999999999 0.3030519484375 0.6489026921875001 0.25764069218749996 0.650672878125 0.2400324671875 0.6542236031249999 0.232619046875 0.6559937890625 0.2493019484375 0.6276294 0.2289123375 0.6205279499999999 0.20481601718750003 0.6187577640625 0.182570346875 0.6258488609375 0.1742316015625 0.616987578125 0.1492045453125 0.6258488609375 0.1269642859375 0.64358178125 0.12233225156250001 0.664855071875 0.1075 0.650672878125 0.09823593124999999 0.6524430640625 0.093598484375 0.6825879921875 0.0834036796875 0.6577639750000001 0.07320887499999999 0.6595341609375 0.067651515625 0.6950000000000001 0.042624459375 0.6967701859375001 0.011114718749999999 0.684358178125 0 0.7109730843750001 0 1 0.0101948046875 1 0.40568181875000003 1
27 0 0.7109730843750001 0.011114718749999999 0.684358178125 0.042624459375 0.6967701859375001 0.024090909375 0.510610765625 0.005557359374999999 0.510610765625 0.016677489062500002 0.48578675000000004 0.0176028140625 0.4680538296875 0.2400324671875 0.3971325046875 0.29934523749999997 0.40068322968750003 0.2984199140625 0.391821946875 0.3290043296875 0.40068322968750003 0.373490259375 0.402453415625 0.7395671 0.4272774328125 0.769226190625 0.44324016562499996 0.8109307359375 0.4184161484375 0.9972132031250001 0.40068322968750003 1 0.007039337499999999 0 0 0 0.7109730843750001
27 1 1 0.9972132031250001 0.684358178125 0.8072240265625 0.60812629375 0.7173268390625 0.6932298140625 0.5087987015625 0.8208799171875001 0.5087987015625 0.8137888203125 0.4328030296875 0.856335403125 0.4337283546875 0.8864803312499999 0.4142857140625 0.8971014500000001 0.4105519484375 0.8793995859375 0.3994372296875 0.8758385093750001 0.41982683906249996 0.930807453125 0.41148809531249997 0.9893167703125 0.4105627703125 0.99108695625 0.40685065 0.999948240625 0.40568181875000003 1 1 1
1 0.690625 0.625 0.00625 0.01953125
1 0.396875 0.828125 0.0328125 0.025
1 0.44140625 0.80546875 0.02890625 0.0265625
1 0.48125 0.7890625 0.02890625 0.028125
1 0.51953125 0.7671875 0.02109375 0.03046875
1 0.65078125 0.703125 0.01328125 0.015625
1 0.63046875 0.71796875 0.01796875 0.01796875
3 0.4337283546875 0.8864803312499999 0.4328030296875 0.856335403125 0.5087987015625 0.8137888203125 0.5087987015625 0.8208799171875001 0.7173268390625 0.6932298140625 0.8072240265625 0.60812629375 0.9972132031250001 0.684358178125 0.9981439390625001 0.44678053906250004 0.78685065 0.457453415625 0.8016612546875 0.47160455468749996 0.7321536796875 0.47869565156249994 0.2539339828125 0.49996894375 0.023165584375 0.512380953125 0.07228355 0.9627225671874999 0.4105519484375 0.8793995859375 0.4142857140625 0.8971014500000001 0.4337283546875 0.8864803312499999
32 0.8016612546875 0.47160455468749996 0.7395671 0.4272774328125 0.373490259375 0.402453415625 0.3290043296875 0.40068322968750003 0.2984199140625 0.391821946875 0.29934523749999997 0.40068322968750003 0.2400324671875 0.3971325046875 0.0176028140625 0.4680538296875 0.016677489062500002 0.48578675000000004 0.005557359374999999 0.510610765625 0.023165584375 0.512380953125 0.024090909375 0.510610765625 0.7321536796875 0.47869565156249994 0.8016612546875 0.47160455468749996
32 1 0.4254658390625 0.9972132031250001 0.40068322968750003 0.8109307359375 0.4184161484375 0.769226190625 0.44324016562499996 0.7794209953125 0.4538716359375 0.9981439390625001 0.44678053906250004 1 0.4254658390625
10 0.8016612546875 0.47160455468749996 0.7395671 0.4272774328125 0.373490259375 0.402453415625 0.3290043296875 0.40068322968750003 0.2984199140625 0.391821946875 0.29934523749999997 0.40068322968750003 0.2400324671875 0.3971325046875 0.0176028140625 0.4680538296875 0.016677489062500002 0.48578675000000004 0.005557359374999999 0.510610765625 0.024090909375 0.510610765625 0.7321536796875 0.47869565156249994 0.8016612546875 0.47160455468749996
1 0.5796875 0.61796875 0.01015625 0.0265625
6 0.2316883109375 0.60634575625 0.22520562812499997 0.50351966875 0.10008657968750001 0.5159316765625 0.1121374453125 0.5886231890625 0.12418290000000001 0.5886231890625 0.12418290000000001 0.6116666671875 0.2316883109375 0.60634575625
6 0.4124134203125 0.5070600421875 0.422608225 0.7871946171875 0.5004599562500001 0.7606004140625 0.505091990625 0.492877846875 0.4124134203125 0.5070600421875
6 0.5977705624999999 0.49110766093749997 0.5922077921875 0.7074120078125 0.65801406875 0.6932298140625 0.65801406875 0.48578675000000004 0.5977705624999999 0.49110766093749997
6 0.733982684375 0.5637681156250001 0.703409090625 0.5673913046875 0.7024945890625001 0.60457556875 0.72103355 0.613436853125 0.7358603890625 0.60812629375 0.733982684375 0.5637681156250001
1 0.0602380953125 0.51947205 0.0648701296875 0.5744306421875 0.1130627703125 0.5762111796875 0.10008657968750001 0.5159316765625 0.0602380953125 0.51947205
1 0.07228355 0.631169771875 0.076915584375 0.6896790890625 0.1269642859375 0.6861283640625 0.12233225156250001 0.6293995859375 0.07228355 0.631169771875
1 0.2502272734375 0.510610765625 0.2502272734375 0.5655693578125 0.2724675328125 0.5655693578125 0.2715422078125 0.5141511390625 0.2502272734375 0.510610765625
1 0.26953125 0.625 0.0234375 0.0515625
1 0.38828125 0.52578125 0.01875 0.03359375
1 0.3890625 0.59453125 0.01875 0.03046875
1 0.39296875 0.67265625 0.01484375 0.03046875
1 0.39375 0.74453125 0.0203125 0.03203125
1 0.3328125 0.59609375 0.025 0.01796875
1 0.51796875 0.63671875 0.01484375 0.03203125
1 0.51796875 0.575 0.01484375 0.0265625
1 0.675 0.5609375 0.00703125 0.00859375
1 0.69375 0.53984375 0.00625 0.015625
1 0.58203125 0.56484375 0.009375 0.0234375
1 0.9015625 0.603125 0.0109375 0.01796875
1 0.60546875 0.7265625 0.01953125 0.01796875
1 0.91171875 0.53828125 0.0046875 0.015625