27 0.4803030296875 0.3068322984375 0.6106547625000001 0.309161490625 0.61383116875 0.27141821875 0.4803030296875 0.3068322984375
27 0.015313853124999999 1 0.1596915578125 0.656977225 0.2317153671875 0.539161490625 0.1894480515625 0.39064182187499996 0 0.420414078125 0 1 0.015313853124999999 1
27 0 0 0 0.420414078125 0.1894480515625 0.39064182187499996 0.3373863640625 0.3269461703125 0.3270346328125 0.2823913046875 0.47280844218749996 0.270838509375 0.4771212125 0.2724948234375 0.47873376562500003 0.3068322984375 0.61383116875 0.27141821875 0.6439231609375 0.27334368593749997 0.67551948125 0.2752587984375 0.6691666671875 0.3251552796875 0.853641775 0.3939441 0.8053354984375 0.539161490625 0.8881439390624999 0.6398240171875 1 0.5415527953125 1 0 0 0
27 1 0.5415527953125 0.8881439390624999 0.6398240171875 0.8812445890625 0.679420290625 0.920925325 0.7008799171875 0.8812445890625 0.7965838515625 0.7013041125 0.7480952375000001 0.6645616890625 0.6698447203125 0.6397186140625 0.67447205 0.349891775 0.6596169765625 0.1596915578125 0.656977225 0.015313853124999999 1 1 1 1 0.5415527953125
6 0.2568560609375 0.42045548593750004 0.271780303125 0.40065217343750004 0.2869480515625 0.3955900625 0.2900757578125 0.3905175984375 0.19595238125 0.3919047625 0.2128030296875 0.4015734984375 0.2255627703125 0.41492753593750004 0.2400054109375 0.42045548593750004 0.2568560609375 0.42045548593750004
6 0.7605627703125 0.687743271875 0.773084415625 0.678995859375 0.784875540625 0.6813043484375 0.7904166671875 0.6670289859375 0.7940259734375 0.6513664593749999 0.7555086578125 0.6481469984375 0.727824675 0.673933746875 0.733841990625 0.687743271875 0.750692640625 0.6923498968749999 0.7605627703125 0.687743271875
1 0.5159577921875 0.4473084890625 0.51643939375 0.49059006250000003 0.5419534625 0.49289854999999994 0.542435065625 0.4486853 0.5159577921875 0.4473084890625
3 0.67551948125 0.2752587984375 0.6439231609375 0.27334368593749997 0.61383116875 0.27141821875 0.6106547625000001 0.309161490625 0.6323863640625 0.310445134375 0.6691666671875 0.3251552796875 0.67551948125 0.2752587984375
3 0.4771212125 0.2724948234375 0.47280844218749996 0.270838509375 0.3270346328125 0.2823913046875 0.3373863640625 0.3269461703125 0.33997294375 0.3681987578125 0.46763528125000003 0.36490683281249997 0.4790584421875 0.30921325 0.4771212125 0.2724948234375
3 0.7220995671875 0.6652277437499999 0.6645616890625 0.6698447203125 0.7013041125 0.7480952375000001 0.738057359375 0.6282712218750001 0.680692640625 0.5365217390625 0.7220995671875 0.6652277437499999
32 0.4803030296875 0.3068322984375 0.46763528125000003 0.36490683281249997 0.33997294375 0.3681987578125 0.3373863640625 0.3269461703125 0.1894480515625 0.39064182187499996 0.853641775 0.3939441 0.6323863640625 0.310445134375 0.4803030296875 0.3068322984375
32 0.680692640625 0.5365217390625 0.738057359375 0.6282712218750001 0.8881439390624999 0.6398240171875 0.8053354984375 0.539161490625 0.680692640625 0.5365217390625
32 0.7220995671875 0.6652277437499999 0.680692640625 0.5365217390625 0.2317153671875 0.539161490625 0.1596915578125 0.656977225 0.349891775 0.6596169765625 0.6397186140625 0.67447205 0.7220995671875 0.6652277437499999
3 0.8812445890625 0.679420290625 0.8881439390624999 0.6398240171875 0.738057359375 0.6282712218750001 0.7052759734375 0.7437784671875 0.8812445890625 0.7965838515625 0.920925325 0.7008799171875 0.8812445890625 0.679420290625
3 0.853641775 0.3939441 0.1894480515625 0.39064182187499996 0.2317153671875 0.539161490625 0.8053354984375 0.539161490625 0.853641775 0.3939441
1 0.4552922078125 0.447763975 0.455773809375 0.49289854999999994 0.5039177484375 0.49059006250000003 0.5029545453125001 0.451449275 0.4552922078125 0.447763975
1 0.5910660171875 0.4486853 0.590340909375 0.46895445156250004 0.611287878125 0.47262940000000003 0.6132142859374999 0.45052795 0.5910660171875 0.4486853
1 0.651969696875 0.45237059999999996 0.6447456703125 0.4896687375 0.65437770625 0.49335403749999995 0.6599134203125 0.45421325 0.651969696875 0.45237059999999996
1 0.7650324671875001 0.4517701859375 0.75579004375 0.491563146875 0.802007575 0.4921118015625 0.8147186140624999 0.45122153281250005 0.7650324671875001 0.4517701859375
1 0.8115422078125001 0.6797929609375 0.7883171 0.729523809375 0.80564935 0.7480952375000001 0.836152596875 0.6817805390625 0.8115422078125001 0.6797929609375
1 0.3388041125 0.44781573437500005 0.344821428125 0.486956521875 0.3876677484375 0.485113871875 0.3818939390625 0.44781573437500005 0.3388041125 0.44781573437500005
1 0.3977543296875 0.44822981406249995 0.4001623375 0.486449275 0.4434956703125 0.4859937890625 0.4418127703125 0.44960662500000004 0.3977543296875 0.44822981406249995
6 0.7525054109375 0.49856107656250004 0.7569967531249999 0.4536749484375 0.7545021640625 0.43649068281250003 0.734036796875 0.4164389234375 0.7330357140625 0.39447204999999996 0.703084415625 0.388737059375 0.69410173125 0.444130434375 0.6945995671875 0.46704968906250005 0.6896103890624999 0.49856107656250004 0.7525054109375 0.49856107656250004
10 0.6217207796875 0.5396273296875 0.6397186140625 0.67447205 0.7220995671875 0.6652277437499999 0.680692640625 0.5365217390625 0.6217207796875 0.5396273296875
10 0.2317153671875 0.539161490625 0.1596915578125 0.656977225 0.349891775 0.6596169765625 0.383658009375 0.5391511390625 0.2317153671875 0.539161490625