1 0.3546875 0.5453125 0.01171875 0.01953125
1 0.35859375 0.665625 0.0109375 0.015625
1 0.3609375 0.7046875 0.01171875 0.02265625
1 0.36171875 0.74296875 0.01171875 0.02109375
1 0.36328125 0.78046875 0.0109375 0.01796875
1 0.3640625 0.8140625 0.0109375 0.02109375
27 0 1 0.35217532500000004 0.8687474125 0.32436688281250003 0.16310559062500002 0 0 0 1
1 0.3515625 0.46328125 0.01171875 0.0265625
6 0.365146103125 0.590393375 0.3762716453125 0.8847101453124999 0.39480519531249997 0.9006625265625001 0.41426948125 0.8847101453124999 0.4151948046875 0.9254865421874999 0.47543290000000005 0.9237163562499999 0.47543290000000005 0.9059834375 0.51806818125 0.9113043484375 0.5199188312499999 0.929026915625 0.5801623375 0.9343478265625 0.5801623375 0.895341615625 0.602402596875 0.9113043484375 0.629280303125 0.895341615625 0.6302056281249999 0.8687474125 0.655232684375 0.8687474125 0.67654761875 0.140051759375 0.594063853125 0.15601449218750002 0.5977705624999999 0.1205486546875 0.523625540625 0.124099378125 0.516212121875 0.15955486562500001 0.47080086562499995 0.15955486562500001 0.46801948125 0.12763975156250001 0.3985119046875 0.129420290625 0.3994372296875 0.15955486562500001 0.3234307359375 0.16490683281250001 0.3364177484375 0.44678053906250004 0.3679274890625 0.45033126250000005 0.365146103125 0.546066253125 0.365146103125 0.590393375
3 0.4151948046875 0.9254865421874999 0.47543290000000005 0.9237163562499999 0.47543290000000005 0.9059834375 0.51806818125 0.9113043484375 0.5199188312499999 0.929026915625 0.5801623375 0.9343478265625 0.5801623375 0.895341615625 0.602402596875 0.9113043484375 0.629280303125 0.895341615625 0.6302056281249999 0.8687474125 0.655232684375 0.8687474125 0.67654761875 0.140051759375 0.594063853125 0.15601449218750002 0.5977705624999999 0.1205486546875 0.523625540625 0.124099378125 0.516212121875 0.15955486562500001 0.47080086562499995 0.15955486562500001 0.46801948125 0.12763975156250001 0.3985119046875 0.129420290625 0.3994372296875 0.15955486562500001 0.32436688281250003 0.16310559062500002 0.35217532500000004 0.8687474125 0.39480519531249997 0.9006625265625001 0.41426948125 0.8847101453124999 0.4151948046875 0.9254865421874999
32 0.5975844703125001 0.1223291921875 0.5977705624999999 0.1205486546875 0.56058996875 0.1223291921875 0.5975844703125001 0.1223291921875
32 0.56058996875 0.1223291921875 0.5227002171875 0.1223291921875 0.5188214062500001 0.14707567500000002 0.523625540625 0.124099378125 0.56058996875 0.1223291921875
32 0.595366815625 0.1557623359375 0.5986958875 0.1223291921875 0.5975844703125001 0.1223291921875 0.594063853125 0.15601449218750002 0.595366815625 0.1557623359375
32 0.46801948125 0.12763975156250001 0.47080086562499995 0.15955486562500001 0.46895021718749996 0.12763975156250001 0.46801948125 0.12763975156250001
32 0.3994372296875 0.15955486562500001 0.3985119046875 0.129420290625 0.46801948125 0.12763975156250001 0.3975865796875 0.12763975156250001 0.3992524046875 0.1595636078125 0.3994372296875 0.15955486562500001
32 0.595366815625 0.1557623359375 0.594989178125 0.15955486562500001 0.67654761875 0.140051759375 0.595366815625 0.1557623359375
32 0.5188214062500001 0.14707567500000002 0.5165777375 0.157806265625 0.5171428578125 0.1577846796875 0.5188214062500001 0.14707567500000002
32 0.516212121875 0.15955486562500001 0.5165777375 0.157806265625 0.47080086562499995 0.15955486562500001 0.516212121875 0.15955486562500001
32 0.32436688281250003 0.16310559062500002 0.3994372296875 0.16310559062500002 0.3992524046875 0.1595636078125 0.32436688281250003 0.16310559062500002
27 0 0 0.32436688281250003 0.16310559062500002 0.3994372296875 0.15955486562500001 0.3985119046875 0.129420290625 0.46801948125 0.12763975156250001 0.47080086562499995 0.15955486562500001 0.516212121875 0.15955486562500001 0.523625540625 0.124099378125 0.5977705624999999 0.1205486546875 0.594063853125 0.15601449218750002 0.67654761875 0.140051759375 0.655232684375 0.8687474125 0.6302056281249999 0.8687474125 0.629280303125 0.895341615625 0.602402596875 0.9113043484375 0.5801623375 0.895341615625 0.5801623375 0.9343478265625 0.5199188312499999 0.929026915625 0.51806818125 0.9113043484375 0.47543290000000005 0.9059834375 0.47543290000000005 0.9237163562499999 0.4151948046875 0.9254865421874999 0.41426948125 0.8847101453124999 0.39480519531249997 0.9006625265625001 0.35217532500000004 0.8687474125 0 1 1 1 1 0 0 0
1 0.35390625 0.503125 0.0109375 0.02109375