32 1 0.2640062109375 0.5035281390625 0.1550103515625 0.4393939390625 0.2368633546875 1 0.394523809375 1 0.2640062109375
1 0.419880953125 0.604886128125 0.42216450156249996 0.6239751546875001 0.44297077968750004 0.6403312624999999 0.44154220781250003 0.620703934375 0.419880953125 0.604886128125
1 0.44382575781250005 0.6234265015625 0.44610389687499996 0.6441511390625 0.4632034625 0.6539648031249999 0.4603571421875 0.634327121875 0.44382575781250005 0.6234265015625
3 0.499442640625 0.092484471875 0.44939935000000003 0.1374223609375 0.5035281390625 0.1550103515625 0.499442640625 0.092484471875
1 0.49740800937499996 0.6784989640625 0.5213474031249999 0.69049689375 0.5202110390625 0.67522774375 0.4971212125 0.6610455484375 0.49740800937499996 0.6784989640625
1 0.473463203125 0.643602484375 0.47318181875 0.6599585921875 0.4956980515625 0.6774120078125 0.49455627656249995 0.6599585921875 0.473463203125 0.643602484375
1 0.532462121875 0.5836231890625 0.5321807359374999 0.6136128359375 0.5954545453125 0.6594099375 0.600584415625 0.62996894375 0.532462121875 0.5836231890625
1 0.5281872296875 0.6828571421875 0.52676406875 0.6997619046875 0.5529870125 0.7204865421875 0.5564069265625 0.7046687375 0.5281872296875 0.6828571421875
1 0.5564069265625 0.7046687375 0.5520725109375 0.7235403734375 0.58399350625 0.7448033125 0.5848484843749999 0.7197204968750001 0.5564069265625 0.7046687375
1 0.597732684375 0.6828571421875 0.5960227265625 0.7063043484375 0.6265205625 0.73410973125 0.6330790046875 0.70575569375 0.597732684375 0.6828571421875
1 0.6330790046875 0.70575569375 0.6281764062499999 0.732256728125 0.6620887453125001 0.7540683234375 0.6697889609375001 0.7289855078125 0.6330790046875 0.70575569375
1 0.5914610390624999 0.7286645968750001 0.5871861468749999 0.741200828125 0.6179707796875 0.7651966875 0.622813853125 0.7466563140625 0.5914610390624999 0.7286645968750001
1 0.622813853125 0.7526501031249999 0.6202489171875001 0.7651966875 0.652456709375 0.78700828125 0.6561634203125 0.769554865625 0.622813853125 0.7526501031249999
6 0.5316071421874999 0.6386956515625 0.5284740265625001 0.6599585921875 0.5552651515625 0.6817701859375 0.5589718609375 0.65832298125 0.5316071421874999 0.6386956515625
6 0.561536796875 0.6615942031250001 0.5581168828124999 0.6817701859375 0.5886147187499999 0.7041200828124999 0.5931709953125 0.6779503109375 0.561536796875 0.6615942031250001
1 0.6082792203125 0.634327121875 0.602294371875 0.6621428578125 0.635070346875 0.682318840625 0.6447619046875 0.6556004140625 0.6082792203125 0.634327121875
1 0.6473268390625 0.6599585921875 0.6404870125000001 0.684492753125 0.678111471875 0.709026915625 0.6866612546875001 0.6790476187500001 0.6473268390625 0.6599585921875
1 0.664713203125 0.781004140625 0.6581601734375 0.7973602484375 0.689507575 0.8169875781249999 0.697489178125 0.7995445140624999 0.664713203125 0.781004140625
1 0.7000541124999999 0.80608695625 0.6949242421874999 0.8224430640625 0.7291287875 0.8497101453125 0.73682359375 0.8278985499999999 0.7000541124999999 0.80608695625
1 0.700909090625 0.6861283640625 0.6903625546875001 0.7123084890625 0.7277002171875 0.73684265 0.7365367968750001 0.7084886125 0.700909090625 0.6861283640625
1 0.7430952375000001 0.7144824015625 0.7334036796875 0.737380953125 0.7718831171875 0.763012421875 0.7878409093750001 0.7395652171875 0.7430952375000001 0.7144824015625
1 0.7753030296875 0.65069358125 0.7579166671875 0.6839544515625 0.8049404765625001 0.7166666671875 0.82432359375 0.675776396875 0.7753030296875 0.65069358125
1 0.7202922078125 0.6294202906249999 0.7083225109375 0.657236025 0.7493668828125 0.6817701859375 0.765324675 0.6463250515625 0.7202922078125 0.6294202906249999
1 0.7490800859375 0.5443685296874999 0.7308387453125 0.5874430640625 0.7798593078125 0.614161490625 0.8000974031249999 0.5694513453125001 0.7490800859375 0.5443685296874999
1 0.8052489171874999 0.5716356109375 0.7827110390625001 0.6185196687500001 0.8422781390624999 0.64687370625 0.8653679656250001 0.5999792953124999 0.8052489171874999 0.5716356109375
1 0.9232846328125 0.6253726703125 0.893869046875 0.6665942031250001 0.9451731609375 0.6999585921875 0.9766396109375 0.6528467906250001 0.9232846328125 0.6253726703125
1 1 0.6962629406249999 0.99920995625 0.6646273296875 0.9821103890625 0.6593892343750001 0.9564610390625001 0.7032298140625 1 0.7327018640625 1 0.6962629406249999
1 0.8747186140625001 0.7032298140625 0.8531709953125001 0.7307142859375 0.89079004375 0.7614596265625 0.912678571875 0.7274430640625 0.8747186140625001 0.7032298140625
1 0.9167857140625 0.7307142859375 0.8966071421875 0.7647308484375 0.9533820343749999 0.8020289859374999 0.9872402593749999 0.767349896875 0.9167857140625 0.7307142859375
1 0.83127705625 0.7647308484375 0.8121266234375 0.7895962734374999 0.846672078125 0.8183850937500001 0.869242425 0.7895962734374999 0.83127705625 0.7647308484375
1 0.872321428125 0.7954865421874999 0.858641775 0.8242753625000001 0.9054978359374999 0.851759834375 0.9270454546875 0.8223188406249999 0.872321428125 0.7954865421874999
1 0.7994696968749999 0.8144616984375 0.781341990625 0.8340890265625 0.8134956703125 0.860921325 0.8316233765625001 0.8360559000000001 0.7994696968749999 0.8144616984375
1 0.8398268390625001 0.8412939953125 0.8217045453124999 0.8641925468749999 0.8637716453125 0.8916666671875 0.8836093078125 0.8668115937499999 0.8398268390625001 0.8412939953125
1 0.7700595234375001 0.8491407875 0.7608225109375 0.859606625 0.7919480515624999 0.8923291921875001 0.8011796531250001 0.8720393375000001 0.7700595234375001 0.8491407875
1 1 0.9464906828125 0.9096049781250001 0.8910144921875001 0.8890800859375 0.9106418218749999 0.9810876625 0.97345755625 1 0.9469668734375001 1 0.9464906828125
1 0.8736904765625001 0.924389234375 0.8565909093749999 0.9394306421874999 0.9369642859375 0.9970186328124999 0.955773809375 0.9839233953125 0.8736904765625001 0.924389234375
27 0 0 0 0.3562111796875 0.5377002171874999 0 0 0
27 0.425909090625 0.1413250515625 0.4184740265625 0.066262940625 0.35135822499999997 0.12374741250000001 0.425909090625 0.1413250515625
27 0.50192640625 0 0.4184740265625 0.066262940625 0.4228463203125 0.1003002078125 0.4463365796875 0.09052795 0.45553030312500004 0.129606625 0.499442640625 0.092484471875 0.5035281390625 0.1550103515625 1 0.2640062109375 1 0 0.50192640625 0
27 0.834090909375 1 0.8282954546875001 0.99707039375 0.3850595234375 0.6512525874999999 0.24182900468750002 1 0.834090909375 1
3 0.24182900468750002 1 0.3850595234375 0.6512525874999999 0.8282954546875001 0.99707039375 1 0.9989855078125001 0.9987554109375001 0.4022774328125 0.44323593125 0.243271221875 0 0.5085921328125 0.0010822515625 1 0.24182900468750002 1
3 0.0060822515625 0.50233954375 0.3749675328125 0.2866459625 0.3112445890625 0.256169771875 0.0060822515625 0.50233954375
3 0.4463365796875 0.09052795 0.4228463203125 0.1003002078125 0.425909090625 0.1413250515625 0.45553030312500004 0.129606625 0.4463365796875 0.09052795
6 0.334090909375 0.41515527968750005 0.00312229375 0.8696687375 0.00312229375 0.9488095234375 0.3465043296875 0.4400207046875 0.334090909375 0.41515527968750005
6 0 0.7934265015624999 0.33054653749999996 0.3789751546875 0.3216774890625 0.34052794999999997 0.000757575 0.7091200828125 0 0.7314389234374999 0 0.7934265015624999
6 0 0.62614906875 0.3071428578125 0.3162215328125 0.30288419843750003 0.29021739062499996 0.0001677484375 0.591532090625 0 0.601428571875 0 0.62614906875
6 0.40347402656250003 0.488737059375 0.46390151562500004 0.5440890265625 0.4817748921875 0.48385093125 0.5311363640625 0.5099068328125 0.5634740265625 0.3568633546875 0.5660281390625 0.273830228125 0.43411255468750004 0.2380020703125 0.38134740312500004 0.2917391296875 0.309009740625 0.2542857140625 0.3465043296875 0.4400207046875 0.40347402656250003 0.488737059375
6 0.48356060625 0.5408799171875 0.46996753281250003 0.57818840625 0.524929653125 0.6098447203124999 0.5237499999999999 0.55444099375 0.48356060625 0.5408799171875
6 0.546206709375 0.45381987500000004 0.536753246875 0.49112836406250004 0.708739178125 0.5872360249999999 0.72646645 0.5363561078125 0.546206709375 0.45381987500000004
6 0.53556818125 0.526180125 0.534388528125 0.5533126296875001 0.6088528140625 0.5996687374999999 0.6112175328125 0.5646169765625 0.53556818125 0.526180125
6 0.6200865796875 0.5747929609375 0.6129924250000001 0.6030641828125 0.6927813859375 0.649420290625 0.6998701296875 0.6166356109375 0.6200865796875 0.5747929609375
6 0.47240800937499994 0.5990890265625 0.4703571421875 0.6265734984375 0.5204274890625 0.6603312625 0.5224783546875 0.6297101453125 0.47240800937499994 0.5990890265625
6 0.0466937234375 1 0.3564339828125 0.49146997968750006 0.3434307359375 0.47677018593750004 0.0136363640625 1 0.0359036796875 1 0.0466937234375 1
6 0.11307900468750001 1 0.36529761875 0.5480020703124999 0.3558387453125 0.5231262937500001 0.0940205625 0.999130434375 0.108630953125 1 0.11307900468750001 1
32 0.3873051953125 0.28961697656249996 0.4393939390625 0.2368633546875 0.5035281390625 0.1550103515625 0.35564935000000003 0.11769151093750001 0.006369046875000001 0.35604554843749997 0.001266234375 0.512349896875 0.309009740625 0.2542857140625 0.3873051953125 0.28961697656249996
32 1 0.4847929609375 0.5648971859375 0.342453415625 0.550708875 0.42250517656250003 1 0.60522774375 1 0.4847929609375
1 0.3560389609375 0.478933746875 0.3605952375 0.5094720500000001 0.37826839843750004 0.5160144921875001 0.374280303125 0.48983436874999997 0.3560389609375 0.478933746875
1 0.3799783546875 0.4942028984375 0.38339826875 0.51818840625 0.39964285781250003 0.528012421875 0.3942316015625 0.49802277500000003 0.3799783546875 0.4942028984375
1 0.36573051875 0.5312836437499999 0.3685768390625 0.5563561078125 0.38454004375 0.5623602484375 0.38225649375000004 0.5383643890625 0.36573051875 0.5312836437499999
1 0.38910173124999997 0.5454554859375 0.3916666671875 0.5667184265625 0.40505952343749996 0.5738095234375 0.401071428125 0.5487267078125 0.38910173124999997 0.5454554859375
1 0.37342532500000003 0.575445134375 0.375990259375 0.5945238093749999 0.3908116890625 0.6021635609375 0.38795995625 0.5803519671874999 0.37342532500000003 0.575445134375
1 0.3930898265625 0.5879813671874999 0.398787878125 0.6097929609375 0.41161796562499997 0.6174327125 0.4073430734375 0.5961594203125 0.3930898265625 0.5879813671874999
1 0.4079112546875 0.5111076609375 0.41161796562499997 0.5394616984375 0.4332792203125 0.552546584375 0.4290043296875 0.5225569359375 0.4079112546875 0.5111076609375
1 0.43441558437500005 0.529099378125 0.43698051875 0.5552691515625 0.4575054109375 0.5683540375 0.4592153671875 0.5454554859375 0.43441558437500005 0.529099378125
1 0.41589285781249996 0.5623602484375 0.4167478359375 0.5836231890625 0.43698051875 0.5988923390625 0.43527056249999996 0.5732608703125 0.41589285781249996 0.5623602484375
1 0.43955086562499995 0.576532090625 0.44182900468749997 0.6059834375 0.46063852812499995 0.614161490625 0.458928571875 0.589078675 0.43955086562499995 0.576532090625