50 0.175 0.1578125 0.08515625 0.15390625
50 0.73203125 0.19296875 0.06796875 0.10625
50 0.8703125 0.27421875 0.1046875 0.1265625
50 0.8546875 0.1203125 0.09609375 0.1328125
50 0.2765625 0.3625 0.04921875 0.09140625
50 0.66015625 0.2375 0.05234375 0.08984375
50 0.6640625 0.35234375 0.053125 0.08046875
50 0.740625 0.32421875 0.0703125 0.09765625
50 0.5484375 0.3046875 0.03125 0.0671875
50 0.5921875 0.28046875 0.03984375 0.07421875
51 0.7125 0.3078125 0.5734375 0.615625
51 0.21484375 0.3140625 0.42890625 0.628125