6 0.3061742421875 0.37542443125 0.3194751078125 0.48472049687499996 0.322429653125 0.4121739125 0.382023809375 0.42630434843750004 0.3997510828125 0.3923913046875 0.3061742421875 0.37542443125
6 0.3509956703125 0.5648136640625 0.35690476250000003 0.6156935812500001 0.3746374453125 0.6335921328125 0.3672456703125 0.5704658390625 0.3509956703125 0.5648136640625
6 0.340638528125 0.43012422343749995 0.34656385312500004 0.49886128437500005 0.362321428125 0.506397515625 0.35638528125 0.43850931718749997 0.340638528125 0.43012422343749995
10 0.6003463203125 0.356925465625 0.5979816015625 0.3399585921875 0.598571428125 0.330921325 0.607435065625 0.26421325 0.5702002171875 0.24498964843749998 0.5690205625 0.2235093171875 0.5595616890625 0.22803312656250002 0.5601569265624999 0.24611801249999998 0.47918831093750003 0.21898550781249998 0.3030627703125 0.37614906875 0.57611471875 0.4326708078125 0.6015259734375 0.399886128125 0.6003463203125 0.356925465625
32 0.6003463203125 0.38518633593749996 0.6003463203125 0.3591821953125 0.5979816015625 0.3444824015625 0.5997510828125 0.3230020703125 0.6038906921875 0.2947412015625 0.6068452375 0.265341615625 0.5707954546875 0.24838509375 0.5684307359375 0.2212422359375 0.558382034375 0.226894409375 0.5589718609375 0.24611801249999998 0.47918831093750003 0.21898550781249998 0.306017315625 0.3727536234375 0.5767045453125 0.4326708078125 0.6015259734375 0.399886128125 0.6003463203125 0.38518633593749996
3 0.6150541125 0.46415113906250005 0.6023971859375 0.40133540312499993 0.577429653125 0.431428571875 0.5284523812499999 0.893964803125 0.5996969703125 0.5744616984375 0.6150541125 0.46415113906250005
3 0.3062012984375 0.37786749531249997 0.34024350625 0.6497619046875001 0.5240746749999999 0.892349896875 0.57768939375 0.43321946093749997 0.3062012984375 0.37786749531249997
27 0.72942640625 0 0.478571428125 0.2191511390625 0.4834484328125 0.2172435078125 0.48208333281250004 0.2167494828125 0.5417879421875 0.19442413593750002 0.553733765625 0.189751553125 0.5537482234375 0.189951828125 1 0.0230848859375 1 0 0.72942640625 0
27 0.5987554109375 0.3633540375 0.6001082249999999 0.367149759375 0.5990259734375 0.3695652171875 0.6011904765625 0.3773291921875 0.6011904765625 0.38302277500000004 0.602813853125 0.393374740625 0.6038961031250001 0.395445134375 0.6033549781249999 0.39768806093750003 0.6049783546875 0.41925465781250004 0.6066017312499999 0.429606625 0.6098484843749999 0.4378881984375 0.6109307359375 0.445134575 0.615259740625 0.45652173906250004 0.6147186140625001 0.4761904765625 0.6125541125 0.48136645937500006 0.6082251078125 0.520703934375 0.6017316015625 0.547619046875 0.5990259734375 0.5662525875 0.5990259734375 0.5714285718750001 0.6006493500000001 0.5745341609375 0.602813853125 0.5745341609375 0.60606060625 0.569358178125 0.609307359375 0.551759834375 0.6103896109375 0.549689440625 0.61904761875 0.4927536234375 0.622294371875 0.49378882031250004 0.6260822515625 0.483436853125 0.6271645015625 0.47722567343750005 0.6271645015625 0.467908903125 0.6260822515625 0.46169772187499997 0.6260822515625 0.4534161484375 0.6233766234375 0.448240165625 0.61904761875 0.42339544531250006 0.616341990625 0.41614906874999996 0.615800865625 0.40890269218749997 0.6141774890625 0.40579710156250004 0.6114718609375001 0.4068322984375 0.6079004328125001 0.3937888203125 0.6098484843749999 0.3913043484375 0.6049783546875 0.36438923437500004 0.6033549781249999 0.346790890625 0.6017316015625 0.3436853 0.5995671 0.3436853 0.5979437234375 0.346790890625 0.5979437234375 0.3540372671875 0.5995671 0.3620600421875 0.5987554109375 0.3633540375
27 1 0.478405796875 0.608766234375 0.2645962734375 0.5990259734375 0.33706004218749996 0.6238095234375 0.47028985468749995 0.5045995671875 1 1 1 1 0.478405796875
27 1 0.26708074531250003 0.56948051875 0.22018633593749998 0.5699134203125 0.2401863359375 1 0.505900621875 1 0.26708074531250003
27 0.25696969687500004 0 0.2986471859375 0.377743271875 0.7272510828125001 0 0.25696969687500004 0
27 1 0.025217390625000002 0.5525487015625 0.1854865421875 0.5596969703125 0.2206521734375 1 0.2779503109375 1 0.025217390625000002
27 0 0 0 1 0.6092153671875 1 0.33879870156249997 0.6550724640625 0.257483765625 0 0 0
6 0.5775487015625 0.590248446875 0.5785335500000001 0.6524327125 0.5967586578125 0.5808281578125001 0.5952813859375 0.5384265015625 0.5775487015625 0.590248446875
6 0.5553896109375 0.6505486546875 0.5568668828125001 0.7315838515624999 0.568685065625 0.69483436875 0.5672077921875001 0.6241718421875 0.5553896109375 0.6505486546875
6 0.5972510828125001 0.4423291921875 0.5928192640625001 0.5082815734375 0.5987283546875 0.4979192546875 0.6046374453125 0.42630434843750004 0.5972510828125001 0.4423291921875
6 0.5770562765625 0.48001035156249994 0.5701623375 0.550672878125 0.587895021875 0.519585921875 0.585925325 0.4592857140625 0.5770562765625 0.48001035156249994
6 0.32883116874999996 0.5393685296874999 0.334794371875 0.6157349890625 0.342619046875 0.56575569375 0.32883116874999996 0.5393685296874999
6 0.3908874453125 0.45080745312500003 0.40271103906250005 0.6015527953124999 0.41305194843750004 0.7410041406250001 0.5164772734375 0.8785610765625 0.52189935 0.6825879921875 0.5696699140625 0.43384057968749995 0.4017207796875 0.398043478125 0.41551406875 0.4310144921875 0.41403679687499995 0.46399585937500004 0.3908874453125 0.45080745312500003