10 0.4748268390625 0.36279503125 0.43475649375 0.376397515625 0.430395021875 0.4020496890625 0.484686146875 0.3723706 0.4775757578125 0.3615527953125 0.4748268390625 0.36279503125
3 0.42754329062499996 0.673043478125 0.4203354984375 0.543964803125 0.232992425 0.5753002078125 0.2369209953125 0.553995859375 0.2323376625 0.543964803125 0.20810065 0.5753002078125 0.00306818125 0.609130434375 0.0024134203125 0.619161490625 0.1065692640625 0.817153209375 0.26377705625000003 0.763271221875 0.278847403125 0.7231677015625 0.42754329062499996 0.673043478125
3 0.5421699140625 0.5898964796875 0.5398971859375 0.6229710140625 0.5535443718749999 0.671697721875 0.5580952375 0.5315942031249999 0.5380790046875 0.4558799171875 0.4216233765625 0.473291925 0.422992425 0.57075569375 0.42935606093749995 0.6725672874999999 0.4261742421875 0.61687370625 0.5421699140625 0.5898964796875
3 0.9986580093749999 0.4542857140625 0.9971428578125 0.4484886125 0.558928571875 0.5333333328125 0.5536201296875001 0.6740165625000001 0.9565800859375001 0.5463871640625 0.9986580093749999 0.4542857140625
32 0.5580952375 0.5315942031249999 0.9971428578125 0.4484886125 0.88568181875 0.3873291921875 0.56339826875 0.4224120078125 0.5380790046875 0.4558799171875 0.5580952375 0.5315942031249999
32 0.4336958875 0.3798136640625 0.42321969687500005 0.4324430640625 0.4216233765625 0.473291925 0.5380790046875 0.4558799171875 0.56339826875 0.4224120078125 0.5181980515625 0.3772981359375 0.4775865796875 0.3610144921875 0.4336958875 0.3798136640625
32 0.248084415625 0.4361594203125 0.232992425 0.5753002078125 0.4203354984375 0.543964803125 0.42321969687500005 0.4324430640625 0.3530898265625 0.441956521875 0.3436093078125 0.42455486562500006 0.248084415625 0.4361594203125
32 0 0.61089026875 0.20865800937499998 0.575393375 0.231780303125 0.54421325 0.2369209953125 0.553995859375 0.248084415625 0.4361594203125 0.0028192640625 0.5942546578125001 0 0.609751553125 0 0.61089026875
1 0.3429112546875 0.5873706000000001 0.347895021875 0.6209213250000001 0.3736958875 0.6143788812500001 0.3692207796875 0.582650103125 0.3429112546875 0.5873706000000001
1 0.381590909375 0.5811387156250001 0.38527597343750003 0.6123602484374999 0.4105519484375 0.6063147 0.40607683906250003 0.5756004140625001 0.381590909375 0.5811387156250001
1 0.3011363640625 0.5984161484375 0.3077218609375 0.6298964796875001 0.3349242421875 0.623602484375 0.32834415625 0.590869565625 0.3011363640625 0.5984161484375
1 0.38858225156250004 0.6409316765625 0.3916504328125 0.66904761875 0.4155627703125 0.6627536234375 0.4124945890625 0.63421325 0.38858225156250004 0.6409316765625
1 0.257175325 0.6065217390625001 0.26595238125 0.6396687375 0.294253246875 0.633799171875 0.28547619062499996 0.598964803125 0.257175325 0.6065217390625001
1 0.274507575 0.671563146875 0.28174783593749997 0.701366459375 0.3069751078125 0.6929710140625 0.3008333328125 0.6644306421875 0.274507575 0.671563146875
1 0.7415530296874999 0.5666459625 0.7180790046875 0.5733643890625 0.7119372296875001 0.60148033125 0.7347510828125 0.597287784375 0.7415530296874999 0.5666459625
1 0.7496699140625 0.564130434375 0.742867965625 0.5918322984375 0.7634902593749999 0.5876294 0.772267315625 0.5599378875000001 0.7496699140625 0.564130434375
1 0.7970562765625 0.5057971015625 0.7887175328125 0.5355900625000001 0.8064880953125 0.531821946875 0.8165800859375001 0.5011801250000001 0.7970562765625 0.5057971015625
1 0.8231601734374999 0.500341615625 0.8159199140625001 0.5259420296874999 0.8356655843749999 0.5238405796875 0.8455357140625 0.494886128125 0.8231601734374999 0.500341615625
1 0.8823755406249999 0.48855072499999996 0.8724729437500001 0.4897101453125 0.8607413421875 0.520900621875 0.8712554109375 0.51885093125 0.8823755406249999 0.48855072499999996
1 0.879172078125 0.5156521734374999 0.8874025968750001 0.5159420296875 0.8989772734375 0.48476190468749997 0.8895346328124999 0.485051759375 0.879172078125 0.5156521734374999
1 0.8892857140625001 0.5276294 0.8806980515625 0.5517701859375 0.8944047625 0.548964803125 0.9033658015625001 0.52483436875 0.8892857140625001 0.5276294
1 0.909577921875 0.5223913046875001 0.899523809375 0.548271221875 0.915611471875 0.54477225625 0.9247510828125 0.51924430625 0.909577921875 0.5223913046875001
1 0.762159090625 0.514130434375 0.7552110390625 0.5445652171875001 0.7778841984375 0.5400103515625 0.786293290625 0.5092339546875 0.762159090625 0.514130434375
1 0.7819751078125 0.55700828125 0.7746645015625 0.5839441 0.795503246875 0.5783436859375 0.8019047625000001 0.551066253125 0.7819751078125 0.55700828125
1 0.7300595234375 0.519585921875 0.7234794375 0.5514182187500001 0.747976190625 0.5472153203125 0.7551028140625 0.5157453421875 0.7300595234375 0.519585921875
1 0.9068127703125001 0.48184265000000004 0.8964502171875001 0.5089441 0.9115259734375 0.5063147 0.921590909375 0.47919254687499996 0.9068127703125001 0.48184265000000004
1 0.9269209953124999 0.4780538296875 0.91747294375 0.505445134375 0.9333171 0.50253623125 0.943982684375 0.4742650109375 0.9269209953124999 0.4780538296875
1 0.9345346328125 0.5150724640625 0.9250919906249999 0.5389648031250001 0.9384956703125 0.536925465625 0.9474837656249999 0.5124430640625001 0.9345346328125 0.5150724640625
1 0.9520562765625 0.47105589999999997 0.9420021640625 0.4958281578125 0.9564718609374999 0.49495859218750005 0.96698593125 0.46960662500000006 0.9520562765625 0.47105589999999997
1 0.9522077921875001 0.510113871875 0.9426136359375 0.5340062109375 0.956780303125 0.5305175984375 0.9674404765625001 0.5074948234375001 0.9522077921875001 0.510113871875
1 0.9707954546875 0.4698964796875 0.9608928578124999 0.4934989640625 0.9758225109374999 0.49203933749999995 0.984962121875 0.46522774375 0.9707954546875 0.4698964796875
10 0.782813853125 0.488240165625 0.7689177484374999 0.488240165625 0.7652813859375 0.4838923390625 0.7618398265625 0.48463768125 0.7575541125 0.48712215312499996 0.7525541125 0.48426501093749996 0.748463203125 0.49184265 0.74606060625 0.4959420296875 0.7467748921874999 0.4975569359375 0.784307359375 0.49022774374999994 0.782813853125 0.488240165625
6 0.8630627703125 0.48361283593750004 0.8543398265625 0.4917805390625 0.8456168828124999 0.5214492749999999 0.8543398265625 0.520341615625 0.8644209953124999 0.4921428578125 0.8630627703125 0.48361283593750004
10 0.5364772734375001 0.45661490625 0.5476515156249999 0.49886128437500005 0.5586958875 0.49963768125 0.56704004375 0.48752587968750005 0.5674458875 0.4826294 0.5666396109375 0.474130434375 0.5652922078125 0.4671739125 0.56785173125 0.45996894375 0.5700054109375 0.45377846718750003 0.5691937234375 0.44939958593749996 0.562462121875 0.44270186406249995 0.551958875 0.4282815734375 0.542537878125 0.4246790890625 0.4589177484375 0.43060041406250005 0.4558225109375 0.4419358171875 0.4485497828125 0.45145962656250005 0.4485497828125 0.4586749484375 0.472922078125 0.4573913046875 0.5056439390625 0.4586749484375 0.5232792203125001 0.45919254687500005 0.5364772734375001 0.45661490625
10 0.390708875 0.506563146875 0.3916829 0.49976190468750004 0.3916829 0.497287784375 0.35516233750000004 0.4991407875 0.3530627703125 0.5115010359375 0.3679274890625 0.516759834375 0.37035173125 0.5077950312499999 0.390708875 0.506563146875
10 0.321071428125 0.46977225625 0.347570346875 0.4669979296875 0.3606547625 0.46266045624999996 0.3632413421875 0.445973084375 0.276152596875 0.4499896484375 0.2740530296875 0.45864389218749996 0.284550865625 0.4583333328125 0.281969696875 0.46668737031249996 0.321071428125 0.46977225625
10 0.27646645 0.4494616984375 0.3362175328125 0.4313043484375 0.252456709375 0.437184265625 0.003679653125 0.590476190625 0.000048701562499999995 0.61184265 0.2083387453125 0.577122153125 0.27646645 0.4494616984375
10 0.7690476187499999 0.4677018640625 0.766233765625 0.4699792953125 0.7646103890625 0.4699792953125 0.7646103890625 0.47308488593750003 0.765692640625 0.4751552796875 0.7673160171875 0.4751552796875 0.7673160171875 0.4720496890625 0.76926406875 0.47349896406249997 0.76948051875 0.479296065625 0.7711038968749999 0.4761904765625 0.772186146875 0.483436853125 0.7732683984375 0.4803312625 0.7754329 0.48136645937500006 0.7754329 0.48447205000000004 0.7916666671875 0.4751552796875 0.79329004375 0.4751552796875 0.7951839828125 0.47153209062499996 0.7970779218749999 0.4803312625 0.800324675 0.4803312625 0.8019480515625 0.47308488593750003 0.8035714281249999 0.47412008281249995 0.8035714281249999 0.47722567343750005 0.8051948046874999 0.46687370625 0.8079004328125 0.46687370625 0.8080357140625001 0.464026915625 0.8111471859374999 0.46376811562500003 0.8106060609375 0.46687370625 0.8116883109374999 0.4699792953125 0.8165584421875 0.4761904765625 0.8214285718750001 0.4761904765625 0.8214285718750001 0.4720496890625 0.8244047625 0.47463768125000005 0.8238636359375 0.47877846718750006 0.8262987015625001 0.48136645937500006 0.8279220781250001 0.48136645937500006 0.827380953125 0.47722567343750005 0.8241341984374999 0.46273291875 0.8241341984374999 0.45962732968750003 0.821293290625 0.46014492812499996 0.8214285718750001 0.46376811562500003 0.81845238125 0.46066252656250006 0.8127705625000001 0.46169772187499997 0.8111471859374999 0.4536749484375 0.83106060625 0.435869565625 0.8457792203125001 0.43685300156249995 0.8457792203125001 0.43995859218750005 0.846861471875 0.43685300156249995 0.8490259734375 0.43685300156249995 0.85064935 0.43995859218750005 0.852813853125 0.43685300156249995 0.853354978125 0.4427191171875 0.8507395390625 0.4487577640625 0.852543290625 0.4487577640625 0.8511904765624999 0.4544513453125 0.8511904765624999 0.45755693593749996 0.8538961031250001 0.45755693593749996 0.852813853125 0.4544513453125 0.8544372296875 0.4544513453125 0.8566017312499999 0.45755693593749996 0.8576839828124999 0.456004140625 0.859307359375 0.45755693593749996 0.859307359375 0.46066252656250006 0.8609307359375 0.45755693593749996 0.8620129875 0.46376811562500003 0.8614718609375001 0.46894410000000003 0.8668831171875 0.46894410000000003 0.86850649375 0.465838509375 0.8679653671875001 0.46066252656250006 0.871212121875 0.46273291875 0.871212121875 0.46687370625 0.8748453921875001 0.4487577640625 0.87963821875 0.45393374687500004 0.8793290046875001 0.45962732968750003 0.8820346328124999 0.45652173906250004 0.8820346328124999 0.46169772187499997 0.8847402593749999 0.46376811562500003 0.8869047625 0.46376811562500003 0.8869047625 0.46066252656250006 0.884199134375 0.4530976265625 0.890692640625 0.442825290625 0.9074675328125 0.4544513453125 0.9080086578125 0.45134575625 0.9107142859374999 0.45134575625 0.9123376625 0.4534161484375 0.9123376625 0.45652173906250004 0.9204545453125 0.45652173906250004 0.9204545453125 0.45962732968750003 0.922619046875 0.46273291875 0.9242424249999999 0.46273291875 0.9242424249999999 0.45962732968750003 0.921536796875 0.45652173906250004 0.9114357859375 0.41695422187500003 0.9101731609374999 0.41511387187500004 0.9101731609374999 0.41200828125 0.9065205625000001 0.4173136640625 0.9063852812500001 0.41200828125 0.903679653125 0.42228061875 0.8928571421875 0.43940117812499996 0.8724489796875 0.446169771875 0.8580705015625 0.430641821875 0.8626623375 0.424223603125 0.865800865625 0.4244306421875 0.865800865625 0.42028985468749996 0.8636363640625 0.4182194609375 0.8614718609375001 0.4182194609375 0.8603896109375 0.42028985468749996 0.859523809375 0.4240165625 0.8574134203125 0.42028985468749996 0.85638528125 0.4238095234375 0.8544372296875 0.42028985468749996 0.8532467531249999 0.42360248437500003 0.8514610390625 0.42028985468749996 0.8508812609374999 0.42287784687499996 0.8501082249999999 0.42339544531250006 0.8484848484375 0.42028985468749996 0.8335497828125 0.4336438921875 0.7975206609375001 0.4600978734375 0.7868949234375 0.41774891875 0.7867965375 0.413043478125 0.7857142859375 0.413043478125 0.7846320343750001 0.41511387187500004 0.7840909093749999 0.4175724640625 0.7830086578125 0.4182194609375 0.7797619046875 0.41511387187500004 0.7797619046875 0.4182194609375 0.7824675328125 0.42210145 0.7743506499999999 0.4447463765625 0.7743506499999999 0.4492753625 0.7727272734375 0.4492753625 0.7711038968749999 0.4534161484375 0.7683982687500001 0.450310559375 0.76861471875 0.4561076609375 0.76948051875 0.45962732968750003 0.7678571421875 0.46480331250000007 0.7690476187499999 0.4677018640625
10 0.5811688312500001 0.467908903125 0.5844155843750001 0.47412008281249995 0.5865800859375 0.4720496890625 0.5865800859375 0.46687370625 0.5941558437500001 0.4389233953125 0.6022727265625 0.4378881984375 0.6048237484375 0.4362614609375 0.6201298703125 0.45134575625 0.6201298703125 0.4554865421875 0.622863978125 0.45090988281250005 0.6233766234375 0.45514147656250004 0.6255980859375 0.45047401093749995 0.62833219375 0.4500381390625 0.6266233765625 0.4547964109375 0.6298701296875 0.4544513453125 0.63095238125 0.45652173906250004 0.6310663015625 0.449602265625 0.6358225109375 0.448240165625 0.6365345171875 0.44873052187500007 0.6352813859374999 0.45652173906250004 0.6379870125 0.4544513453125 0.6379870125 0.45238095312500004 0.6392686265624999 0.44829464999999996 0.6693438140625 0.4435000546875 0.6709956703125 0.445134575 0.671536796875 0.450310559375 0.67478355 0.4492753625 0.67478355 0.44306418281250004 0.678030303125 0.448240165625 0.6920995671875 0.46273291875 0.6920995671875 0.46687370625 0.6953463203125 0.467908903125 0.6949855703125001 0.47239475468750003 0.6993145734375 0.4868875078125 0.7012987015625 0.496894409375 0.7012987015625 0.4906832296875 0.7018398265625 0.4906832296875 0.7053571421875 0.49120082812500004 0.7050865796875 0.4974120078125 0.708874459375 0.4917184265625 0.708874459375 0.49792960624999993 0.7115800859375 0.485507246875 0.7196969703125 0.48240165625 0.7196969703125 0.453564034375 0.7164502171875 0.451937296875 0.7178030296875 0.446983140625 0.7196969703125 0.4477965109375 0.7245671 0.4420289859375 0.727922078125 0.45921325 0.7283549781249999 0.485507246875 0.7272727265625 0.48654244375 0.7272727265625 0.4906832296875 0.7288961031250001 0.4927536234375 0.7348484843749999 0.4927536234375 0.7370129875 0.5 0.7418831171875 0.5031055906249999 0.7424242421875 0.4958592125 0.7375541125 0.49482401718749996 0.7363636359375 0.49082125625 0.7364718609375001 0.4875776390625 0.7375541125 0.48654244375 0.7375541125 0.4761904765625 0.733766234375 0.4751552796875 0.73116883125 0.45244010625 0.7278354984375001 0.45395445156249997 0.7277489171875 0.44869565156249996 0.73051948125 0.44676131406249997 0.7276623375 0.443436853125 0.7298701296875 0.44108252031250006 0.7275757578125 0.438178053125 0.7292207796875 0.43540372656250004 0.728571428125 0.43036576875000004 0.733766234375 0.42339544531250006 0.7348484843749999 0.41925465781250004 0.7313311687499999 0.41925465781250004 0.7294372296875 0.42339544531250006 0.7272727265625 0.42236024843750003 0.727813853125 0.41925465781250004 0.72551406875 0.42365424375 0.7273809531250001 0.4276397515625 0.727489178125 0.43291925468750003 0.7251082249999999 0.43685300156249995 0.7232142859375 0.4280538296875 0.7209145015625 0.43245341562500006 0.7218614718749999 0.43685300156249995 0.7196969703125 0.4420289859375 0.7191558437500001 0.4420289859375 0.7186147187499999 0.43685300156249995 0.6991341984375 0.4389233953125 0.677489178125 0.442236025 0.677489178125 0.44306418281250004 0.6098484843749999 0.43685300156249995 0.609307359375 0.4337474125 0.6022727265625 0.4337474125 0.5968614718749999 0.430641821875 0.5957792203125 0.429606625 0.5957792203125 0.42753623125000006 0.5941558437500001 0.42908902656250003 0.5941558437500001 0.43167701875000003 0.5936147187499999 0.43167701875000003 0.5914502171875 0.42753623125000006 0.5909090906250001 0.430641821875 0.5897667140625 0.4319070625 0.58134920625 0.4537612140625 0.583874459375 0.45962732968750003 0.58170995625 0.46066252656250006 0.5796657046875 0.45813204531249996 0.5762987015625 0.46687370625 0.575757575 0.4720496890625 0.577380953125 0.47412008281249995 0.5808982687500001 0.47412008281249995 0.5811688312500001 0.467908903125
10 0.347570346875 0.4669979296875 0.321071428125 0.46977225625 0.281969696875 0.46668737031249996 0.284550865625 0.4583333328125 0.27646645 0.4494616984375 0.22972402656250002 0.5391407874999999 0.237483765625 0.5543478265624999 0.2318560609375 0.573271221875 0.328030303125 0.5628881984375 0.3375324671875 0.5309834375 0.347570346875 0.4669979296875
10 0.400493025 0.49769956249999997 0.40097402656250003 0.5041407875 0.397186146875 0.5041407875 0.397186146875 0.5082815734375 0.40692640625000004 0.5082815734375 0.408639971875 0.49965493437499997 0.40746753281250003 0.496894409375 0.4080086578125 0.49378882031250004 0.409812409375 0.49413388437499994 0.4085497828125 0.4906832296875 0.409090909375 0.48861283593750005 0.415584415625 0.48861283593750005 0.4166666671875 0.48654244375 0.421536796875 0.485507246875 0.4209956703125 0.4710144921875 0.415584415625 0.4699792953125 0.413329725 0.47757073749999995 0.41396103906250004 0.48447205000000004 0.4123376625 0.48447205000000004 0.4121572875 0.4830917875 0.4112554109375 0.48447205000000004 0.4080086578125 0.48447205000000004 0.4080086578125 0.46376811562500003 0.4053030296875 0.46273291875 0.397186146875 0.465838509375 0.3885281390625 0.45134575625 0.39393939375000003 0.448240165625 0.396103896875 0.45134575625 0.39772727343750003 0.4492753625 0.3982683984375 0.446169771875 0.40097402656250003 0.446169771875 0.40097402656250003 0.4420289859375 0.396645021875 0.4420289859375 0.3955627703125 0.4389233953125 0.38906926406250003 0.4389233953125 0.3885281390625 0.44306418281250004 0.3668831171875 0.445134575 0.3668831171875 0.4492753625 0.3706709953125 0.4492753625 0.3706108703125 0.45261099531250004 0.400493025 0.49769956249999997
10 0.40639069218749996 0.5337888203125 0.347132034375 0.5430641828125 0.3344913421875 0.5443478265625 0.3284145015625 0.565217390625 0.3312445890625 0.5626397515625 0.4094751078125 0.5443478265625 0.40639069218749996 0.5337888203125
10 0.5122781390625 0.3710248453125 0.4775757578125 0.3615527953125 0.484686146875 0.3723706 0.5369642859375 0.39398550781249997 0.5122781390625 0.3710248453125
10 0.51366883125 0.41313664531249994 0.48168831093750003 0.427091096875 0.5330790046875 0.42493788749999994 0.5347619046875 0.4215113875 0.51366883125 0.41313664531249994
10 0.4702651515625 0.3943995859375 0.46472943750000006 0.38977225625 0.4569480515625 0.3934989640625 0.4406547625 0.40766045625 0.44485930781249994 0.41213250468749996 0.46863636406250003 0.3976708078125 0.4702651515625 0.3943995859375
10 0.43073593125 0.428571428125 0.43073593125 0.43271221562499995 0.435064934375 0.429606625 0.4356060609375 0.43271221562499995 0.47510822499999994 0.4244306421875 0.520505809375 0.43325705625 0.5645359053984036 0.44554081422263786 0.47676008281250004 0.42105263125 0.47564935 0.4213250515625 0.47402597343749997 0.42028985468749996 0.4734848484375 0.42339544531250006 0.47132034687499996 0.420807453125 0.43073593125 0.428571428125
10 0.5822510828125 0.46376811562500003 0.5827922078125 0.45962732968750003 0.5803571421875 0.4544513453125 0.577380953125 0.4534161484375 0.5779220781250001 0.4492753625 0.5724538625 0.44774980937500003 0.5822510828125 0.46376811562500003
6 0.1017797015625 0.6172762828125 0.10113035156250001 0.6168622046875 0.10010822500000001 0.6178053828125 0.10002805781249999 0.62165478125 0.09848484843750001 0.6225672875 0.098925765625 0.6264473578125 0.096969696875 0.6272463765625 0.0978234734375 0.6312399359375 0.0954545453125 0.631925465625 0.0967211796875 0.6360325125 0.09393939375 0.6366045546875 0.090909090625 0.6459627328125 0.0887445890625 0.6469979296874999 0.0892857140625 0.6521739125 0.0790699203125 0.6943346515625 0.078463203125 0.69358178125 0.0762987015625 0.6946169765625 0.0762987015625 0.6987577640625 0.0733766234375 0.6950310562500001 0.06601731562499999 0.6956521734375001 0.061688310937500004 0.6966873703124999 0.059523809375 0.6987577640625 0.05681818125 0.6987577640625 0.05327626875 0.6791831359375 0.0514069265625 0.6801242234375 0.052390790625 0.6742894781250001 0.049242425 0.6459627328125 0.047077921875 0.6449275359375 0.0479634 0.64982119375 0.047077921875 0.6501035203125001 0.0489718609375 0.653209109375 0.048848878125 0.65471485 0.047077921875 0.6552795031249999 0.04973435625 0.6596085078125 0.049783549999999996 0.6614906828125 0.0487012984375 0.6604554859375 0.047077921875 0.6604554859375 0.047077921875 0.6656314703125 0.047799421875 0.6673567984375001 0.049242425 0.6666666671875 0.0515053125 0.669395821875 0.049783549999999996 0.6732229125 0.0485209234375 0.6732229125 0.049783549999999996 0.6790890265625 0.0487012984375 0.6801242234375 0.0496359703125 0.6821946171875 0.0487012984375 0.6853002078125 0.050078709374999995 0.6873706 0.0514069265625 0.6915113875000001 0.0517676765625 0.6963423046874999 0.0509641875 0.6977225671875 0.0519480515625 0.7018633546874999 0.0541125546875 0.70289855 0.0514069265625 0.7070393375 0.053571428125 0.708074534375 0.05573593125 0.7070393375 0.0584415578125 0.708074534375 0.0611471859375 0.7018633546874999 0.0621212125 0.70351966875 0.066197690625 0.7015182890625 0.0663780671875 0.7073844031250001 0.0630952375 0.7093167703125001 0.06406926406249999 0.7151138718750001 0.06601731562499999 0.7142857140625 0.06601731562499999 0.7194616984375 0.065043290625 0.7209109734375 0.065476190625 0.7256728781249999 0.0633116890625 0.7256728781249999 0.0627705625 0.7308488609375 0.065746753125 0.73240165625 0.06818181875 0.726708075 0.06926406874999999 0.7287784671875001 0.06872294375 0.7339544515624999 0.074675325 0.7318840578125 0.07521645 0.7370600421875 0.0772456703125 0.7380952375 0.078463203125 0.7360248453125 0.0798160171875 0.74016563125 0.084956709375 0.74430641875 0.0854978359375 0.7494824015625 0.08766233749999999 0.7484472046875 0.08766233749999999 0.74430641875 0.090367965625 0.7458592125 0.0957792203125 0.7432712218749999 0.09794372343749999 0.74430641875 0.0990259734375 0.742236025 0.10551948124999999 0.7474120078125 0.10606060625 0.7525879921875 0.109307359375 0.7536231890625 0.10876623437499999 0.760869565625 0.11147186093749999 0.7619047625 0.1112012984375 0.7650103515625 0.1136363640625 0.7691511390625 0.1174242421875 0.773291925 0.11670274218750001 0.77674258125 0.1141774890625 0.776397515625 0.10858585937500001 0.7926155968749999 0.103896103125 0.7857142859375 0.10010822500000001 0.7857142859375 0.0925324671875 0.79089026875 0.0925324671875 0.79503105625 0.097402596875 0.8053830234375001 0.103896103125 0.80641821875 0.10822510781250001 0.8043478265624999 0.1106185484375 0.8015076703125 0.1109307359375 0.796066253125 0.11301198750000001 0.7986675171875001 0.1133116890625 0.79358178125 0.11540542812500001 0.7958273609375001 0.115692640625 0.7910973078125 0.11779886718749999 0.7929872062500001 0.11807359375 0.7886128359375 0.12019230781250001 0.7901470500000001 0.1204545453125 0.7861283640625001 0.1225857484375 0.787306896875 0.1233766234375 0.7846790890625 0.125541125 0.7846790890625 0.141233765625 0.7650103515625 0.14339826875 0.7660455484375001 0.14448051875 0.760869565625 0.1455627703125 0.75983436875 0.1450216453125 0.7463768109375 0.146103896875 0.745341615625 0.1477272734375 0.7474120078125 0.153679653125 0.7474120078125 0.153679653125 0.7360248453125 0.152597403125 0.7298136640624999 0.1553030296875 0.7298136640624999 0.1574675328125 0.7360248453125 0.1585497828125 0.7329192546875001 0.1601731609375 0.7318840578125 0.1615259734375 0.73240165625 0.1612554109375 0.739130434375 0.16396103906249998 0.7380952375 0.16396103906249998 0.7339544515624999 0.1677489171875 0.7318840578125 0.16937229375 0.7325741890625 0.16829004375 0.7370600421875 0.16937229375 0.7378364390625001 0.16937229375 0.757763975 0.17803030312499998 0.758799171875 0.178571428125 0.7515527953125 0.177489178125 0.7484472046875 0.1758658015625 0.7484472046875 0.1744228 0.7360248453125 0.190476190625 0.7360248453125 0.1926406921875 0.7370600421875 0.1926406921875 0.7308488609375 0.1958874453125 0.7349896484375 0.1969932234375 0.7320640921875 0.1985930734375 0.7380952375 0.1991341984375 0.7370600421875 0.2012987015625 0.7380952375 0.1991341984375 0.7432712218749999 0.200757575 0.7432712218749999 0.20616883125 0.7505175984375 0.20670995625000002 0.745341615625 0.209415584375 0.745341615625 0.209145021875 0.751035196875 0.2121212125 0.7515527953125 0.2121212125 0.745341615625 0.2061958875 0.745134575 0.20670828125 0.7398643671875 0.20622294375 0.739751553125 0.20670660624999998 0.73438711875 0.20625 0.7343685296875 0.20627705624999998 0.7289855078125 0.20670493125 0.7289098703125 0.20633116875000002 0.7182194609375 0.21969697031250002 0.721532090625 0.21969697031250002 0.7173913046875 0.2207792203125 0.7163561078125 0.22294372343750002 0.7167011734375001 0.22294372343750002 0.7225672875 0.23160173125 0.6966873703124999 0.23430735937499997 0.6987577640625 0.234848484375 0.70289855 0.2364718609375 0.70496894375 0.24350649375 0.70496894375 0.24729437187499997 0.7008281578125 0.246753246875 0.6915113875000001 0.2522727265625 0.68944099375 0.253787878125 0.6899585921875 0.252705628125 0.6946169765625 0.2543290046875 0.6966873703124999 0.253246753125 0.6987577640625 0.253246753125 0.70289855 0.2570346328125 0.70289855 0.2581168828125 0.703933746875 0.2572150078125 0.70634920625 0.2540043296875 0.710144928125 0.2554112546875 0.7142857140625 0.25443722968750004 0.7153209109375 0.2543831171875 0.7210144921875 0.25757575781250003 0.721532090625 0.2543290046875 0.726708075 0.25649350625 0.7308488609375 0.2581168828125 0.7308488609375 0.258658009375 0.7256728781249999 0.2619047625 0.7318840578125 0.2646103890625 0.7329192546875001 0.26569264062500003 0.7298136640624999 0.2619047625 0.723602484375 0.265151515625 0.72049689375 0.2613636359375 0.7132505171875 0.259740259375 0.7132505171875 0.2570346328125 0.6966873703124999 0.2548701296875 0.6956521734375001 0.253427128125 0.6846100749999999 0.2522186140625 0.6842650109374999 0.2521645015625 0.6790890265625 0.252705628125 0.6790890265625 0.252976190625 0.67391304375 0.2508116890625 0.672877846875 0.2510822515625 0.6677018640625 0.253246753125 0.6687370593749999 0.25355260625 0.6654851921875 0.3548371921875 0.5746016734375 0.10714285781249999 0.5983436859375 0.10497835468750001 0.5973084890625 0.10714285781249999 0.602484471875 0.10497835468750001 0.60351966875 0.10463363750000002 0.6081052078125 0.103054353125 0.6101909359375 0.1032066703125 0.61269074375 0.1017797015625 0.6172762828125
1 0.465205628125 0.546790890625 0.46551948125 0.557318840625 0.47182359375000005 0.55700828125 0.47180735937499996 0.546169771875 0.465205628125 0.546790890625
1 0.48165584375000003 0.54430641875 0.4818398265625 0.5557660453125 0.488787878125 0.5557660453125 0.4884686140625 0.54371635625 0.48165584375000003 0.54430641875
1 0.49832251093749996 0.5415527953125 0.4981601734375 0.5545341609375 0.5051082250000001 0.55391304375 0.5052705625 0.5412422359375 0.49832251093749996 0.5415527953125
32 0.4270346328125 0.5726604562500001 0.42367965312500006 0.60983436875 0.5466450218750001 0.5848343687499999 0.53491883125 0.549585921875 0.4270346328125 0.5726604562500001
10 0.4270346328125 0.5726604562500001 0.42367965312500006 0.60983436875 0.54872294375 0.586956521875 0.53491883125 0.549585921875 0.4270346328125 0.5726604562500001
6 0.3122727265625 0.6616666671875 0.3218127703125 0.6990579703125 0.3832251078125 0.676397515625 0.37975108281250003 0.6411904765625 0.3122727265625 0.6616666671875
6 0.8388257578125 0.5411076609375 0.8279707796875 0.571894409375 0.871791125 0.55891304375 0.8809036796875 0.5277536234375 0.8388257578125 0.5411076609375
6 0.5570995671875 0.5352898546875 0.5497294375 0.6666873703125 0.5581060609375 0.6698964796875 0.5637987015625 0.5352898546875 0.5570995671875 0.5352898546875
6 0.7470624609375001 0.5539781125000001 0.746753246875 0.5579710140625 0.749458875 0.5590062109375 0.7489177484375 0.5662525875 0.753246753125 0.5590062109375 0.752705628125 0.5486542437499999 0.755643165625 0.54954155625 0.7613636359375 0.5465838515625 0.7608225109375 0.551759834375 0.7629870125 0.55279503125 0.7635281390624999 0.547619046875 0.7683982687500001 0.549689440625 0.7705627703125 0.5507246375 0.7678571421875 0.554865425 0.7700216453125 0.555900621875 0.7716450218750001 0.55279503125 0.7738095234375 0.553830228125 0.7743506499999999 0.5486542437499999 0.775252525 0.5465838515625 0.778318903125 0.5455486546875 0.7808441562499999 0.549689440625 0.7830086578125 0.5507246375 0.7835497828125 0.5455486546875 0.7813852812500001 0.5445134578124999 0.7837301578125 0.53450655625 0.7851731609375 0.5310558999999999 0.7846320343750001 0.5248447203125 0.7860750359375 0.5244996546875 0.7873376624999999 0.5217391296875 0.7895021640625 0.5289855078125 0.7922077921875 0.5217391296875 0.8048566015624999 0.5130693578125001 0.8072916671874999 0.5332556937499999 0.80681818125 0.5465838515625 0.808982684375 0.547619046875 0.8106060609375 0.5434782609375 0.8079004328125 0.538302278125 0.8105384203125 0.537914078125 0.8100649343749999 0.49896480312499997 0.8208874453125 0.49792960624999993 0.8235930734375 0.4958592125 0.8268398265625001 0.48861283593750005 0.8325216453125 0.48809523749999995 0.8324675328125 0.48240165625 0.8230519484375 0.48240165625 0.8187229437499999 0.48964803281249997 0.80681818125 0.48861283593750005 0.8057359312499999 0.4927536234375 0.8035714281249999 0.4927536234375 0.803030303125 0.49792960624999993 0.8014069265625 0.4958592125 0.7927489171875 0.5082815734375 0.7922077921875 0.51345755625 0.7905844156249999 0.5113871640625 0.7895021640625 0.5124223609375 0.7884199140625 0.514492753125 0.787247475 0.5194962046875 0.749458875 0.547619046875 0.749922696875 0.5524992609375 0.6739565468750001 0.572561428125 0.741341990625 0.5569358171875 0.741341990625 0.5631469984375 0.74404761875 0.5631469984375 0.7442022265625 0.555456965625 0.746753246875 0.553830228125 0.7470624609375001 0.5539781125000001
6 0.46660482343750004 0.5391895890625 0.46428571406249997 0.5403726703125 0.4638218921875 0.5397811296875 0.46103896093749996 0.5403726703125 0.46103896093749996 0.5465838515625 0.47456709999999996 0.5455486546875 0.47402597343749997 0.5403726703125 0.47495361718750007 0.537414965625 0.48051948125 0.536231884375 0.48051948125 0.5424430640625 0.4891774890625 0.5424430640625 0.49188311718750005 0.5403726703125 0.49134199062499995 0.5351966874999999 0.49307359375 0.5337474125 0.496212121875 0.53312629375 0.496212121875 0.5393374734374999 0.503787878125 0.5393374734374999 0.5018939390625 0.5326086953125 0.5075757578125 0.532091096875 0.5081168828125 0.53726708125 0.5378787875000001 0.5248447203125 0.5405844156249999 0.5279503109375 0.540223665625 0.5308833671875 0.5413961031250001 0.535973084375 0.5389610390625 0.53726708125 0.5416666671875 0.5414078671875 0.5378787875000001 0.5445134578124999 0.5378787875000001 0.5486542437499999 0.540043290625 0.549689440625 0.541125540625 0.553830228125 0.5395021640625 0.5579710140625 0.540764790625 0.5607315390625 0.5395021640625 0.5662525875 0.5416666671875 0.567287784375 0.546536796875 0.5641821953124999 0.5481601734375 0.565217390625 0.549603175 0.5716011046875 0.5487012984375 0.5734989640625 0.549242425 0.5817805390624999 0.547619046875 0.582815734375 0.547619046875 0.589026915625 0.5503246749999999 0.5900621125 0.553030303125 0.586956521875 0.553030303125 0.582815734375 0.5508658015625 0.5817805390624999 0.5514069265625 0.5734989640625 0.5535714281249999 0.570393375 0.55573593125 0.5714285718750001 0.55627705625 0.5662525875 0.5541125546875 0.565217390625 0.5518127703125 0.5608178046875001 0.549242425 0.5600414078125 0.5487012984375 0.5590062109375 0.5495129875 0.55641821875 0.5470779218749999 0.55279503125 0.547619046875 0.547619046875 0.565115440625 0.5423280421875 0.5984848484375 0.5900621125 0.5984848484375 0.600414078125 0.6006493500000001 0.604554865625 0.6022727265625 0.604554865625 0.602543290625 0.5978260875 0.622743609375 0.5844368921875 0.6038756843749999 0.5888120625 0.602813853125 0.5910973078125 0.5628908125 0.539145771875 0.547318421875 0.516869871875 0.5459956703125 0.5227743265625 0.5438311687499999 0.51759834375 0.5450937953125 0.5136876 0.5428691671875 0.5105053296875 0.541125540625 0.5041407875 0.540644540625 0.5073230578125 0.5416666671875 0.5103519671875001 0.540043290625 0.5113871640625 0.5384199140625 0.5103519671875001 0.5384199140625 0.5041407875 0.4988501078125 0.5313147 0.4721706859375 0.5380065078125 0.47077922031249997 0.5403726703125 0.4693877546875 0.538598046875 0.46753246718749997 0.5403726703125 0.46660482343750004 0.5391895890625
27 0.8563041124999999 0 0 0.002712215625 0 0.2944824015625 0.0028192640625 0.5942546578125001 0.248084415625 0.4361594203125 0.3436093078125 0.42455486562500006 0.3515151515625 0.4417184265625 0.435064934375 0.37681159375 0.4789502171875 0.36055900625000004 0.5122781390625 0.3710248453125 0.56339826875 0.4224120078125 0.88568181875 0.3873291921875 0.9971428578125 0.4484886125 1 0.218178053125 1 0 0.8563041124999999 0
27 0.42321969687500005 0.4324430640625 0.435064934375 0.37681159375 0.3515151515625 0.4417184265625 0.42321969687500005 0.4324430640625
27 1 0.6432194609375 0.9986580093749999 0.4542857140625 0.9565800859375001 0.5463871640625 0.5536201296875001 0.6740165625000001 0.5398971859375 0.6229710140625 0.5421699140625 0.5898964796875 0.4261742421875 0.61687370625 0.42754329062499996 0.673043478125 0.278847403125 0.7231677015625 0.26377705625000003 0.763271221875 0.1065692640625 0.817153209375 0.0024134203125 0.619161490625 0 0.8333126296875 0 1 1 1 1 0.6432194609375