6 0.3349945890625 1 0.3700757578125 0.8988612843749999 0.3481168828125 0.8826086953125 0.325800865625 0.87549689375 0.2968290046875 0.8868115937500001 0.2856709953125 0.8939233953124999 0.24741883125 1 0.3349945890625 1
27 0 0 0 0.230703934375 0.633733765625 0.2323913046875 0.70116883125 0.13429606562500002 0.728208875 0.1363147 0.716969696875 0.1517701859375 0.707489178125 0.22432712187499998 0.7399242421875 0.226262940625 0.83529761875 0.2253209109375 0.8788582249999999 0.22660455468750001 0.904253246875 0.22694617031250003 1 0.22870600468750002 1 0 0 0
3 0.728208875 0.1363147 0.70116883125 0.13429606562500002 0.633733765625 0.2323913046875 0.707489178125 0.22432712187499998 0.716969696875 0.1517701859375 0.728208875 0.1363147
1 0.8093127703125 0.85641821875 0.7298593078125 0.8488716359374999 0.70187770625 0.7980848859375 0.691293290625 0.839948240625 0.716942640625 0.8900414078125 0.7962175328125001 0.8934782609375 0.8093127703125 0.85641821875
6 0.5522186140625001 1 0.5552813859375 0.9180538296874999 0.595124459375 0.9217494828125 0.600909090625 0.879948240625 0.6066937234374999 0.8246169765625 0.6111904765625 0.8332194609375 0.63497294375 0.6254451343749999 0.6484686140625 0.615610765625 0.6510389609375 0.55167701875 0.6638906921875 0.44594202968749996 0.6735335499999999 0.4139751546875 0.6651785718750001 0.31315735 0.68431818125 0.2225051765625 0.6396428578125 0.232318840625 0.371103896875 0.230703934375 0.24615259687500002 0.23078674999999998 0.28535714218749997 0.5934782609375 0.24165584375 0.5971635609375 0.261574675 0.6844616984375 0.299496753125 0.68569358125 0.34191017343749996 0.723799171875 0.36376082187500003 0.8492028984375001 0.3759740265625 0.9217494828125 0.40232142812499994 0.9229710140625 0.41710497812499997 0.9401863359375 0.41397727343749996 1 0.5522186140625001 1
6 0.20245129843749998 0.5725776390624999 0.184458875 0.44594202968749996 0.1002651515625 0.44962732968749997 0.02443181875 0.536925465625 0.0507792203125 0.5996273296875 0.15360930781249998 0.5910248453125 0.20245129843749998 0.5725776390624999
1 0.9036093078125 0.6020807453125 0.8007792203124999 0.6020807453125 0.75258116875 0.5774948234374999 0.7377976187499999 0.64634575625 0.7757142859374999 0.6832298140625 0.8721158015625001 0.6881469984375 0.9036093078125 0.6020807453125
1 0.8212987015625 0.73003105625 0.813858225 0.751366459375 0.8390313859375 0.7528571421875 0.846212121875 0.7303519671875 0.8212987015625 0.73003105625
1 0.2211904765625 0.44739130468750005 0.2425757578125 0.55055900625 0.27418831093749996 0.55114906875 0.25465909062500003 0.44739130468750005 0.2211904765625 0.44739130468750005
1 0.27542748906250003 0.7142028984375 0.290925325 0.7740890265625 0.3163365796875 0.7740890265625 0.3030086578125 0.710051759375 0.27542748906250003 0.7142028984375
27 0.9006818187500001 1 0.8867153671875 0.977763975 0.8726569265625 0.960610765625 0.8517207796875 0.960610765625 0.8087012984375 0.9583022781249999 0.8111093078125 0.9636853000000001 0.795178571875 0.9631677015625 0.78513528125 0.9893788812500001 0.7900541125 1 0.9006818187500001 1
27 0.60437229375 1 0.6026406921875 0.9910041406250001 0.5982683984375 0.9618012421875 0.55310065 0.9591511390624999 0.5521645015625001 1 0.60437229375 1
27 0.41444805156250003 1 0.411044371875 0.97589026875 0.41394480468749995 0.9600103515624999 0.3722619046875 0.9604347828125 0.3652272734375 1 0.41444805156250003 1
27 0.2012987015625 1 0.19284632031249999 0.978964803125 0.2011958875 0.9641925468749999 0.197294371875 0.9540372671874999 0.186780303125 0.954886128125 0.0924783546875 0.9622256734375 0.076158009375 1 0.2012987015625 1
1 1 0.7094616984375001 0.9723484843750001 0.6958385093749999 0.944908009375 0.7517701859375 1 0.7920289859375 1 0.7094616984375001
3 1 0.22870600468750002 0.904253246875 0.22694617031250003 0.8788582249999999 0.22660455468750001 0.83529761875 0.2253209109375 0.7399242421875 0.226262940625 0.68431818125 0.2225051765625 0.6396428578125 0.232318840625 0.371103896875 0.230703934375 0 0.230703934375 0 1 0.076158009375 1 0.0924783546875 0.9622256734375 0.186780303125 0.954886128125 0.197294371875 0.9540372671874999 0.2011958875 0.9641925468749999 0.19284632031249999 0.978964803125 0.2012987015625 1 0.3652272734375 1 0.3722619046875 0.9604347828125 0.41394480468749995 0.9600103515624999 0.411044371875 0.97589026875 0.41444805156250003 1 0.451358225 1 0.4665043296875 1 0.4909956703125 1 0.511287878125 1 0.5273268390625 1 0.5521645015625001 1 0.55310065 0.9591511390624999 0.5982683984375 0.9618012421875 0.6026406921875 0.9910041406250001 0.60437229375 1 0.7900541125 1 0.78513528125 0.9893788812500001 0.795178571875 0.9631677015625 0.8111093078125 0.9636853000000001 0.8087012984375 0.9583022781249999 0.8517207796875 0.960610765625 0.8726569265625 0.960610765625 0.8867153671875 0.977763975 0.9006818187500001 1 1 1 1 0.22870600468750002
1 0.15331168906249998 0.59858178125 0.1669480515625 0.6507660453125 0.210340909375 0.6507660453125 0.19670454531249998 0.5932505171875 0.15331168906249998 0.59858178125
1 0.23606601718750003 0.6910766046875 0.195773809375 0.74444099375 0.11240259687500001 0.752743271875 0.13192640625000002 0.7978053828125 0.21312770625000002 0.8001759828124999 0.2521807359375 0.756894409375 0.23606601718750003 0.6910766046875
1 0.2633387453125 0.804917184375 0.21778138593750002 0.8790372671875 0.13626623437500002 0.8814078671875001 0.15176406874999998 0.924689440625 0.23389610312500003 0.9175672875 0.2751136359375 0.849389234375 0.2633387453125 0.804917184375
1 0.251563853125 0.94128364375 0.1929816015625 0.9401035203125 0.201969696875 0.9667805390625 0.2586904765625 0.9667805390625 0.284415584375 0.8873291921875 0.251563853125 0.94128364375
1 0.11271103906249999 0.88614906875 0.12325216406249999 0.9080848859374999 0.13812770624999998 0.9092753625000001 0.12883116875 0.8849585921875001 0.11271103906249999 0.88614906875
1 0.08295995625 0.809658384375 0.09442640625 0.8404968937499999 0.1111634203125 0.8404968937499999 0.096287878125 0.8078881984375 0.08295995625 0.809658384375
6 0.0607683984375 1 0.1062012984375 0.9395134578125001 0.091017315625 0.9140165625 0.0817207796875 0.8766563140624999 0.06343073593750001 0.8713250515625001 0.061574675 0.8487991718749999 0.031509740625 0.79246376875 0 0.8147929609375 0 1 0.0607683984375 1