50 0.3109375 0.23671875 0.0625 0.09765625
50 0.59765625 0.23046875 0.0453125 0.09609375
50 0.59140625 0.39765625 0.03984375 0.08671875
50 0.4140625 0.39765625 0.04296875 0.0890625
50 0.7015625 0.22890625 0.06640625 0.09765625
50 0.6890625 0.39765625 0.0609375 0.08515625
50 0.40859375 0.23515625 0.05 0.09921875
50 0.67734375 0.54453125 0.05703125 0.0765625
50 0.50234375 0.33828125 0.02578125 0.06796875
50 0.503125 0.46640625 0.02421875 0.06328125
50 0.5859375 0.54453125 0.040625 0.07421875
68 0.51796875 0.0875 0.82890625 0.0921875
51 0.51796875 0.425 0.83046875 0.76484375