6 0.668300865625 0.749886128125 0.6862716453125 0.7658488609375 0.695259740625 0.7633954453125 0.7106655843749999 0.757256728125 0.71643939375 0.749886128125 0.7170833328125 0.7376086953125001 0.71643939375 0.7253312625 0.72670995625 0.7142753625 0.7068127703125 0.711821946875 0.6958982687499999 0.7216459625 0.6881980515625 0.7376086953125001 0.6811363640625 0.7400621125 0.6695833328125 0.749886128125 0.668300865625 0.749886128125
27 0.0040043296875000006 0 0.10189935000000001 0.0722153203125 0.5251406921874999 0.04522774375 0.9373322515625 0.040900621875 0.9321428578125 0.0582194609375 0.91736471875 0.083933746875 0.9045887453124999 0.0925879921875 0.8950054109375 0.09386128437499999 0.8904816015625 0.1073602484375 0.8789015156250001 0.1282298140625 0.7785497828125 0.8197619046875 1 1 0.9996212124999999 0 0.0040043296875000006 0
27 0 0 0 1 0.9498593078124999 1 0.999507575 0.9997308484375 0.78877705625 0.7946273296874999 0.54431818125 0.8164596265625 0.55064935 0.8774327124999999 0.5106060609374999 0.89016563125 0.46531385312499995 0.8715320906249999 0.46066558437499994 0.789327121875 0.27581168906250003 0.801697721875 0.2314448046875 0.7840165625 0.2249783546875 0.6637888203125 0.1695183984375 0.18815735 0.0096969703125 0 0 0
3 0.17106060625 0.1912422359375 0.178766234375 0.2914389234375 0.1926298703125 0.3872153203125 0.20187229375000001 0.46384057968750003 0.212651515625 0.5522463765625 0.225746753125 0.6627536234375 0.22959956718750002 0.7290579703125 0.2334469703125 0.7806314703125 0.275043290625 0.7983126296874999 0.36823593125 0.7924223609375 0.4175324671875 0.7924223609375 0.44525974062499996 0.7924223609375 0.46066558437499994 0.7938923390625 0.46528679687499996 0.848405796875 0.46528679687499996 0.87345755625 0.5114989171875 0.8881987578125001 0.550010821875 0.8778778468749999 0.543847403125 0.81746376875 0.7856980515624999 0.7924223609375 0.8765800859375 0.123467909375 0.889675325 0.095476190625 0.9274134203125 0.0571635609375 0.9358874453125001 0.043902692187499995 0.8403787875000001 0.043902692187499995 0.1903192640625 0.0615838515625 0.1032846328125 0.0763147 0.12022727343749999 0.10283643906249999 0.1425865796875 0.12639751562499998 0.1610389609375 0.1618012421875 0.17106060625 0.1912422359375
32 0.838841990625 0.0416459625 0.18864718593750002 0.0637474125 0.107132034375 0.0772463765625 0.10841450156250002 0.09075569375 0.17067640625 0.13741200781250001 0.8593777062499999 0.1091718421875 0.9344751078125 0.051459626562500006 0.838841990625 0.0416459625
10 0.857516234375 0.1083126296875 0.9261958874999999 0.0555175984375 0.112976190625 0.0813043484375 0.11168831093750001 0.0911283640625 0.17074134218749998 0.1365527953125 0.857516234375 0.1083126296875
6 0.47106060625 0.21072463749999998 0.5365313859375 0.2119461703125 0.5416666671875 0.587681159375 0.5545021640625001 0.6073291921874999 0.56220238125 0.618374740625 0.5654112546875 0.641708075 0.5641287875 0.673633540625 0.563257575 0.702484471875 0.5705465375000001 0.699420290625 0.5846699140625 0.704327121875 0.601358225 0.7104658390624999 0.601996753125 0.677318840625 0.6045670999999999 0.638022775 0.6090584421874999 0.6331159421875 0.6161201296875001 0.6257453421875 0.6270292203125 0.6281987578125 0.6315205625 0.626977225 0.642435065625 0.626977225 0.646287878125 0.6318840578125 0.647570346875 0.6343374734375 0.648208875 0.6576708078125 0.64692640625 0.6883643890625 0.646287878125 0.700641821875 0.6507792203125 0.708012421875 0.6751677484374999 0.70924430625 0.6867207796875 0.708012421875 0.6873647187499999 0.708012421875 0.7123971859375 0.7141511390625 0.738712121875 0.708012421875 0.7579653671875 0.70555900625 0.7701623375 0.704327121875 0.7772240265625 0.70187370625 0.7829978359374999 0.70187370625 0.7842857140625 0.6957349890625 0.7919859312499999 0.68345755625 0.7939123375 0.6515320906250001 0.7951948046874999 0.6429399578125 0.7958387453125 0.6196066250000001 0.7984036796875 0.5999585921875 0.799686146875 0.5889130437500001 0.8022564937500001 0.5643478265625 0.806103896875 0.5397929609375 0.8086742421875 0.5250621125 0.811239178125 0.4992753625 0.8150919906249999 0.47717391249999996 0.8150919906249999 0.474720496875 0.8157359312500001 0.45629399531250003 0.821509740625 0.42928571406250005 0.821509740625 0.41946169843750003 0.8279274890625 0.3863043484375 0.82920995625 0.3642028984375 0.8330627703125 0.3408799171875 0.8330627703125 0.32245341562499996 0.834989178125 0.29544513437500003 0.8362716453125 0.2782505171875 0.8381980515624999 0.257380953125 0.84268939375 0.2291407875 0.8458982687500001 0.1873913046875 0.847824675 0.171428571875 0.8484686140625 0.16160455468749998 0.8491125546875 0.1480952375 0.854242425 0.1223084890625 0.8600216453125 0.1075776390625 0.166287878125 0.13850931718749998 0.24127705625 0.7583540375 0.45758116875 0.7571325046874999 0.47041666718749997 0.6466149062500001 0.47106060625 0.21072463749999998
6 0.4842748921875 0.3255383015625 0.4909577921875 0.31531055937499997 0.47179112500000003 0.2078674953125 0.4704545453125 0.3298033125 0.47580627656249996 0.3076294 0.4842748921875 0.3255383015625
6 0.490324675 0.30289855 0.49143939375 0.3711180125 0.5152110390625 0.3689855078125 0.5140963203125 0.30289855 0.490324675 0.30289855
6 0.525611471875 0.4563871640625 0.527840909375 0.44075569375 0.5293290046875 0.4236956515625 0.526358225 0.40238095312500005 0.525611471875 0.3959834375 0.5237554109375 0.3903002078125 0.5185551953124999 0.3931469984375 0.5148430734375 0.4123291921875 0.50704004375 0.4208592125 0.498869046875 0.42156314687499996 0.490324675 0.434358178125 0.49404220781249997 0.49901656250000004 0.514469696875 0.4954658390625 0.5241287875 0.48268115937499995 0.525611471875 0.4563871640625
6 0.5233874453125 0.5629710140624999 0.5248701296875 0.5466252593750001 0.525611471875 0.5324120078125001 0.5222727265625 0.5245962734375 0.516699134375 0.5409420296875 0.5148430734375 0.5480538296875 0.51187229375 0.5537370593750001 0.5111255406249999 0.5537370593750001 0.49181277031250004 0.5565734984375 0.49218614687500006 0.605610765625 0.5137283546875 0.6048964796875 0.5174404765625 0.578602484375 0.5233874453125 0.5629710140624999
6 0.2321428578125 0.7629399578125 0.23430735937499997 0.7701863359375001 0.2370129875 0.7743271218750001 0.2451298703125 0.77950310625 0.29545454531250004 0.77950310625 0.3041125546875 0.778467909375 0.308982684375 0.77536231875 0.374458875 0.77536231875 0.383658009375 0.7774327125 0.390151515625 0.7815734984375 0.40963203437500006 0.7826086953125 0.415584415625 0.7846790890625 0.4393939390625 0.7846790890625 0.44318181875 0.7815734984375 0.44480519531249996 0.776397515625 0.44480519531249996 0.758799171875 0.44372294375 0.754658384375 0.5365259734375 0.6526915109375 0.5378787875000001 0.657349896875 0.5405844156249999 0.6604554859375 0.5454545453125 0.6625258796875 0.5514069265625 0.6625258796875 0.5519480515625 0.6635610765625 0.5508658015625 0.6677018640625 0.5508658015625 0.6790890265625 0.552489178125 0.6842650109374999 0.5546536796875 0.686335403125 0.5573593078125 0.686335403125 0.5600649343749999 0.6832298140625 0.5622294375 0.66977225625 0.5638528140625 0.6666666671875 0.5661305750000001 0.6669314843749999 0.5708874453125 0.6966873703124999 0.5698051953125 0.7008281578125 0.5698051953125 0.7070393375 0.5708874453125 0.711180125 0.5735930734375 0.7142857140625 0.5762987015625 0.7142857140625 0.578463203125 0.7122153203125 0.5800865796875 0.7070393375 0.5800865796875 0.7008281578125 0.5790043296875 0.6966873703124999 0.5762987015625 0.69358178125 0.57506184375 0.6897367640625001 0.5980210265625 0.6515084296875 0.5990259734375 0.6521739125 0.5990259734375 0.65838509375 0.6006493500000001 0.6635610765625 0.602813853125 0.6656314703125 0.6066017312499999 0.6656314703125 0.607795940625 0.6630256296875 0.6085752484375 0.6636219703124999 0.608702571875 0.6678845453125 0.60971786875 0.66677375625 0.611121721875 0.6702594078125 0.611639796875 0.67052188125 0.6133498859375 0.6693459984375 0.6135617250000001 0.6742700078125 0.6157372046875 0.6722080140625 0.6159600203125 0.675009134375 0.6154836546875 0.6780181328125 0.6181245234375 0.675070028125 0.6183791703125 0.677383996875 0.6174055828125 0.681766259375 0.6558441562499999 0.7567287781250001 0.653679653125 0.7650103515625 0.6557668515625 0.77048210625 0.653679653125 0.7743271218750001 0.6553030296875 0.77950310625 0.6574675328125 0.7815734984375 0.6601731609375 0.7815734984375 0.6623376624999999 0.77950310625 0.6645021640625 0.7712215328124999 0.6666666671875 0.7691511390625 0.6731601734375 0.7743271218750001 0.6758658015625 0.77950310625 0.6791125546875 0.7939958593750001 0.6823593078125 0.8033126296875001 0.684523809375 0.8053830234375001 0.6888528140625 0.8053830234375001 0.691017315625 0.8033126296875001 0.6926406921875 0.7981366453125001 0.6926406921875 0.791925465625 0.6915584421875 0.7877846796875 0.6893939390625 0.7857142859375 0.6850649343749999 0.7670807453124999 0.6785714281249999 0.75569358125 0.67478355 0.7536231890625 0.6723484843749999 0.7505175984375 0.67425745625 0.748073384375 0.750541125 0.7122153203125 0.7489177484375 0.7184265015625 0.7489177484375 0.7380952375 0.750541125 0.7432712218749999 0.752705628125 0.745341615625 0.7554112546875 0.745341615625 0.7581168828125 0.742236025 0.7602813859374999 0.7256728781249999 0.7624458875 0.723602484375 0.7640692640625 0.7184265015625 0.7640692640625 0.7122153203125 0.7629870125 0.708074534375 0.7602813859374999 0.70496894375 0.7554112546875 0.70496894375 0.752976190625 0.7085921328125 0.7513483046875 0.7072463765625 0.802200578125 0.3942028984375 0.8446969703124999 0.23188405781250002 0.846861471875 0.2339544515625 0.8495671 0.2339544515625 0.8517316015624999 0.23188405781250002 0.853354978125 0.22670807499999998 0.8571428578125 0.1997929609375 0.8571428578125 0.174948240625 0.853715728125 0.174948240625 0.8518398265625 0.170393375 0.8576839828124999 0.139751553125 0.8587662343750001 0.11387163593750001 0.8571428578125 0.10869565156250001 0.8549783546875 0.106625259375 0.8522727265625001 0.106625259375 0.8501082249999999 0.10869565156250001 0.8474025968750001 0.1159420296875 0.8472116125 0.1211955140625 0.84659541875 0.12091097343749999 0.8470206265625 0.1264489984375 0.8457882390625 0.1258799171875 0.846829640625 0.13170248281250002 0.8449810609374999 0.13084886093749998 0.8466386546875 0.1369559671875 0.84417388125 0.1358178046875 0.8030077562500001 0.3892339546875 0.691017315625 0.7060041406249999 0.6883116890625 0.70289855 0.6856060609375 0.70289855 0.6834415578125 0.70496894375 0.6818181812499999 0.710144928125 0.6818181812499999 0.7163561078125 0.6829004328125 0.72049689375 0.6801531796875 0.7220098734375 0.680813234375 0.7243419109375 0.6794475375 0.7288770578125 0.6787260359375 0.7281869265625 0.677947053125 0.725593246875 0.6757409265625001 0.7291766203125001 0.6766388375 0.73203194375 0.6749123890625001 0.736222025 0.6735347984375 0.73275999375 0.671328671875 0.7363433671874999 0.672464440625 0.7397219765624999 0.6703772421874999 0.7435669921875 0.66872710625 0.7403248921875 0.666125540625 0.74430641875 0.6623376624999999 0.74430641875 0.6601731609375 0.7463768109375 0.6482683984375 0.7132505171875 0.6493506499999999 0.70910973125 0.6493506499999999 0.70289855 0.6477272734375 0.6977225671875 0.6455627703125 0.6956521734375001 0.6428571421875 0.6956521734375001 0.6401515156250001 0.6987577640625 0.637732365625 0.6963828999999999 0.6372230703125 0.6979661421875 0.6347720906250001 0.69607843125 0.63505856875 0.694799659375 0.632623503125 0.692668371875 0.6328940671875001 0.691633175 0.6304749171874999 0.6892583109375 0.6328586984375 0.6863286375000001 0.6325757578125 0.6438923390625 0.6363636359375 0.6438923390625 0.6390692640625 0.6469979296874999 0.6417748921875 0.6469979296874999 0.64393939375 0.6449275359375 0.6455627703125 0.639751553125 0.6455627703125 0.6314699796875 0.6433982687500001 0.6252587984375 0.641233765625 0.6231884062499999 0.6103896109375 0.6231884062499999 0.6044372296875 0.6325051765625 0.6011904765625 0.6469979296874999 0.6001082249999999 0.6480331265625 0.5676406921875 0.6402691515625001 0.5681818187500001 0.63457556875 0.5681818187500001 0.6159420296875 0.566017315625 0.606625259375 0.55627705625 0.600414078125 0.555031209375 0.5975010843749999 0.55573593125 0.5942028984375 0.554238396875 0.5925417687500001 0.5541125546875 0.589026915625 0.552489178125 0.58385093125 0.5526527734375 0.5826231390625 0.5508658015625 0.5786749484375 0.5518599609375 0.5776638265625 0.55106715 0.5727045109375 0.5503246749999999 0.5724637687499999 0.5502743375 0.567745196875 0.5486887140625 0.55782656875 0.5487012984375 0.553830228125 0.5454545453125 0.5494306421874999 0.5471030906250001 0.547907940625 0.54393184375 0.5280706828125 0.5425685421875001 0.5248447203125 0.54313903125 0.5231113671875 0.54329004375 0.5196687375 0.5423462203125 0.518152053125 0.54401154375 0.514492753125 0.5415534078124999 0.5131927390625 0.5407605953125 0.508233425 0.5447330453125 0.5093167703125 0.547619046875 0.48861283593750005 0.5459956703125 0.479296065625 0.54329004375 0.4761904765625 0.5405844156249999 0.4761904765625 0.5384199140625 0.4782608703125 0.5357548703125 0.4785973078125 0.5076298703125001 0.34792960625 0.5126777984374999 0.3460514640625 0.5140692640625 0.3561076609375 0.5167748921875 0.35921325 0.51948051875 0.35921325 0.5216450218750001 0.3571428578125 0.5238095234375 0.3478260875 0.5254329 0.3240165625 0.5243506499999999 0.2660455484375 0.5232683984375 0.2619047625 0.5205627703125 0.258799171875 0.5178571421875 0.258799171875 0.515692640625 0.260869565625 0.5140692640625 0.2660455484375 0.5124458875 0.26708074531250003 0.5075757578125 0.276397515625 0.49512987031250005 0.28985507187500004 0.4961715375 0.2946946171875 0.4930837390625 0.2932841609375 0.2373173703125 0.721920290625 0.2386363640625 0.7256728781249999 0.23527123906249997 0.725349378125 0.2332251078125 0.7287784671875001 0.2321428578125 0.7329192546875001 0.23471320312500002 0.7399068328125 0.2321428578125 0.742236025 0.2321428578125 0.7629399578125
6 0.5027705625000001 0.7372774328125 0.5046266234375001 0.7770703937500001 0.522456709375 0.7770703937500001 0.5217153671875 0.7337267078124999 0.5027705625000001 0.7372774328125
27 0.0088095234375 0 0.1709307359375 0.19279503125 0.10096861406249999 0.07614906875 0.010508657812499999 0 0.0088095234375 0
27 0.122922078125 0.1109109734375 0.1692748921875 0.1851035203125 0.142976190625 0.1271118015625 0.122922078125 0.1109109734375
27 0.31816558437500003 0.7936231890625 0.33896645 0.79575569375 0.37053571406249997 0.8042857140624999 0.4277380953125 0.7758592125 0.2910497828125 0.77089026875 0.2672781390625 0.7765734984375 0.249074675 0.7836749484375 0.2943939390625 0.802153209375 0.31816558437500003 0.7936231890625