50 0.14765625 0.69375 0.0640625 0.11171875
50 0.5796875 0.3375 0.034375 0.08671875
50 0.63203125 0.33046875 0.03828125 0.08984375
50 0.2484375 0.578125 0.0609375 0.0984375
50 0.1765625 0.8859375 0.05859375 0.115625
50 0.325 0.55 0.0359375 0.07265625
50 0.31953125 0.4546875 0.0359375 0.0703125
50 0.62578125 0.45234375 0.0359375 0.0828125
50 0.67578125 0.57421875 0.04140625 0.08671875
50 0.76328125 0.309375 0.05078125 0.1015625
50 0.5171875 0.346875 0.0296875 0.08046875
50 0.75078125 0.4515625 0.0484375 0.09296875
50 0.728125 0.7 0.04140625 0.08515625
50 0.68359375 0.4515625 0.0421875 0.08984375
50 0.3125 0.35234375 0.0390625 0.08203125
50 0.51640625 0.45546875 0.028125 0.07421875
50 0.57578125 0.4546875 0.03359375 0.08203125
50 0.6921875 0.32109375 0.04375 0.09765625
50 0.23515625 0.45 0.06796875 0.0984375
51 0.49921875 0.5328125 0.9953125 0.91953125