50 0.321875 0.59296875 0.021875 0.05078125
50 0.3328125 0.73359375 0.0203125 0.04453125
50 0.578125 0.58828125 0.01953125 0.06953125
50 0.60625 0.58359375 0.0171875 0.07109375
50 0.54375 0.61640625 0.01796875 0.059375
50 0.5421875 0.7015625 0.01640625 0.05703125
50 0.65859375 0.57109375 0.01640625 0.06484375
50 0.32734375 0.66328125 0.021875 0.0515625
50 0.3890625 0.71640625 0.0171875 0.04140625
50 0.40859375 0.57890625 0.01640625 0.0453125
50 0.35234375 0.58828125 0.0203125 0.0484375
50 0.38125 0.58359375 0.01875 0.0484375
51 0.60546875 0.64296875 0.3296875 0.48828125
51 0.3234375 0.6375 0.24765625 0.33828125
51 0.10234375 0.59453125 0.20390625 0.21640625