57 0.9 0.640625 0.196875 0.1234375
50 0.61484375 0.5734375 0.02734375 0.05625
50 0.525 0.57421875 0.02890625 0.0546875
50 0.4359375 0.57265625 0.0296875 0.05625
50 0.615625 0.67265625 0.028125 0.046875
50 0.48046875 0.57265625 0.02890625 0.05625
50 0.346875 0.57265625 0.0296875 0.05390625
50 0.57421875 0.5734375 0.021875 0.05390625
50 0.52578125 0.67265625 0.028125 0.046875
50 0.3890625 0.571875 0.03125 0.059375
51 0.48203125 0.57734375 0.4296875 0.34140625
51 0.8921875 0.7109375 0.21328125 0.2671875