65 0.216796875 0.78662109375 0.216796875 0.81005859375 0.2197265625 0.814453125 0.228515625 0.81298828125 0.232421875 0.80126953125 0.23046875 0.78369140625 0.2216796875 0.7763671875 0.216796875 0.78662109375
65 0.6396484375 0.9404296875 0.6337890625 0.943359375 0.626953125 0.95947265625 0.62890625 0.97119140625 0.6337890625 0.978515625 0.63671875 0.97705078125 0.642578125 0.97119140625 0.64453125 0.96240234375 0.64453125 0.94482421875 0.6396484375 0.9404296875
65 0.3828125 0.84521484375 0.3828125 0.87451171875 0.392578125 0.87744140625 0.3984375 0.86865234375 0.3984375 0.84521484375 0.3857421875 0.837890625 0.3828125 0.84521484375
65 0.7041015625 0.7763671875 0.6884765625 0.7734375 0.685546875 0.78076171875 0.6875 0.80126953125 0.6904296875 0.8056640625 0.701171875 0.80419921875 0.703125 0.78076171875 0.712890625 0.77783203125 0.7099609375 0.767578125 0.7041015625 0.7763671875
65 0.6181640625 0.8203125 0.615234375 0.82470703125 0.615234375 0.86572265625 0.6181640625 0.8701171875 0.625 0.86865234375 0.62890625 0.86279296875 0.62890625 0.83935546875 0.626953125 0.82763671875 0.6181640625 0.8203125
65 0.283203125 0.66064453125 0.2919921875 0.6591796875 0.298828125 0.67529296875 0.3037109375 0.6826171875 0.306640625 0.68115234375 0.310546875 0.67529296875 0.310546875 0.65185546875 0.2998046875 0.6328125 0.283203125 0.66064453125
65 0.2666015625 0.6181640625 0.2587890625 0.6181640625 0.251953125 0.63134765625 0.25390625 0.64599609375 0.27734375 0.65771484375 0.279296875 0.64013671875 0.287109375 0.62548828125 0.2724609375 0.626953125 0.2666015625 0.6181640625
65 0.70703125 0.91259765625 0.7158203125 0.9287109375 0.728515625 0.93310546875 0.73046875 0.92138671875 0.724609375 0.88916015625 0.7041015625 0.861328125 0.70703125 0.91259765625
65 0.40625 0.76611328125 0.3876953125 0.7529296875 0.3828125 0.76611328125 0.3828125 0.78076171875 0.3876953125 0.791015625 0.3984375 0.79248046875 0.400390625 0.83349609375 0.4033203125 0.837890625 0.4140625 0.83642578125 0.419921875 0.83056640625 0.421875 0.81005859375 0.412109375 0.79833984375 0.40625 0.76611328125
65 0.498046875 0.79248046875 0.494140625 0.77783203125 0.4892578125 0.7734375 0.4736328125 0.7763671875 0.478515625 0.78076171875 0.482421875 0.79541015625 0.4716796875 0.796875 0.46875 0.80126953125 0.46875 0.81591796875 0.4814453125 0.814453125 0.486328125 0.82177734375 0.48828125 0.84228515625 0.484375 0.85986328125 0.501953125 0.88330078125 0.505859375 0.87744140625 0.505859375 0.86279296875 0.5 0.84521484375 0.498046875 0.79248046875
65 0.267578125 0.58740234375 0.271484375 0.56982421875 0.279296875 0.55810546875 0.28125 0.54931640625 0.2783203125 0.544921875 0.2646484375 0.544921875 0.2509765625 0.57421875 0.2412109375 0.580078125 0.224609375 0.60205078125 0.224609375 0.62548828125 0.2333984375 0.6357421875 0.23828125 0.63427734375 0.25 0.59912109375 0.2548828125 0.591796875 0.2646484375 0.591796875 0.267578125 0.58740234375
65 0.271484375 0.73388671875 0.267578125 0.72216796875 0.2734375 0.69580078125 0.2666015625 0.6826171875 0.26171875 0.70458984375 0.2529296875 0.708984375 0.25 0.71630859375 0.25 0.73974609375 0.2578125 0.74853515625 0.2578125 0.77783203125 0.2666015625 0.7880859375 0.271484375 0.78662109375 0.28125 0.77783203125 0.283203125 0.76025390625 0.28125 0.74560546875 0.271484375 0.73388671875
65 0.7783203125 0.8115234375 0.7646484375 0.8115234375 0.763671875 0.79541015625 0.7548828125 0.779296875 0.75 0.80126953125 0.751953125 0.81005859375 0.759765625 0.81884765625 0.765625 0.83935546875 0.76171875 0.88037109375 0.7666015625 0.890625 0.7734375 0.89208984375 0.7822265625 0.8759765625 0.7890625 0.87158203125 0.787109375 0.82763671875 0.7783203125 0.8115234375
65 0.513671875 0.91552734375 0.513671875 0.90380859375 0.5068359375 0.8935546875 0.5029296875 0.8935546875 0.4970703125 0.9052734375 0.486328125 0.90966796875 0.486328125 0.95947265625 0.474609375 0.98291015625 0.4775390625 0.99609375 0.4853515625 0.990234375 0.4931640625 0.99609375 0.5 0.99462890625 0.5078125 0.98291015625 0.501953125 0.95068359375 0.5078125 0.94189453125 0.513671875 0.91552734375
65 0.2734375 0.43505859375 0.263671875 0.40576171875 0.26953125 0.39404296875 0.26953125 0.35595703125 0.2646484375 0.3486328125 0.259765625 0.35595703125 0.2578125 0.37060546875 0.248046875 0.38525390625 0.251953125 0.42041015625 0.25 0.44677734375 0.244140625 0.46728515625 0.236328125 0.47607421875 0.236328125 0.48779296875 0.2431640625 0.4892578125 0.2529296875 0.509765625 0.26171875 0.50830078125 0.2685546875 0.50390625 0.275390625 0.49072265625 0.271484375 0.44970703125 0.2734375 0.43505859375
65 0.6669921875 0.6328125 0.6787109375 0.6533203125 0.681640625 0.65185546875 0.66796875 0.61669921875 0.671875 0.61083984375 0.6689453125 0.5888671875 0.6845703125 0.5859375 0.6875 0.60791015625 0.697265625 0.63134765625 0.7119140625 0.6474609375 0.7177734375 0.638671875 0.720703125 0.65185546875 0.7333984375 0.66796875 0.748046875 0.64892578125 0.75 0.63720703125 0.7412109375 0.62109375 0.7294921875 0.6240234375 0.724609375 0.61669921875 0.728515625 0.60498046875 0.724609375 0.59033203125 0.705078125 0.57861328125 0.701171875 0.54931640625 0.693359375 0.53759765625 0.689453125 0.52001953125 0.6826171875 0.5126953125 0.671875 0.52001953125 0.669921875 0.53173828125 0.640625 0.58740234375 0.638671875 0.60791015625 0.6171875 0.66064453125 0.6220703125 0.673828125 0.626953125 0.67236328125 0.626953125 0.65771484375 0.6337890625 0.64453125 0.6572265625 0.6298828125 0.6669921875 0.6328125
65 0.814453125 0.68408203125 0.81640625 0.67822265625 0.8125 0.67529296875 0.80859375 0.68701171875 0.8095703125 0.697265625 0.7998046875 0.697265625 0.79296875 0.67529296875 0.798828125 0.66943359375 0.79296875 0.65478515625 0.7998046875 0.64453125 0.8076171875 0.65625 0.8173828125 0.662109375 0.8271484375 0.65625 0.8291015625 0.6767578125 0.8330078125 0.66796875 0.837890625 0.66650390625 0.8349609375 0.65625 0.8583984375 0.6591796875 0.8671875 0.64892578125 0.8671875 0.62255859375 0.8525390625 0.59765625 0.8466796875 0.59765625 0.8408203125 0.6064453125 0.8232421875 0.6181640625 0.7998046875 0.591796875 0.796875 0.59326171875 0.798828125 0.61669921875 0.8203125 0.63720703125 0.8193359375 0.650390625 0.81640625 0.64892578125 0.8154296875 0.638671875 0.8095703125 0.6416015625 0.7900390625 0.626953125 0.7763671875 0.609375 0.7626953125 0.6123046875 0.76171875 0.62548828125 0.75390625 0.62841796875 0.763671875 0.66357421875 0.75 0.66357421875 0.751953125 0.72216796875 0.7626953125 0.732421875 0.7802734375 0.7294921875 0.8125 0.73681640625 0.81640625 0.73095703125 0.81640625 0.71337890625 0.8203125 0.70751953125 0.814453125 0.68408203125
65 0.6171875 0.93603515625 0.623046875 0.92724609375 0.623046875 0.90966796875 0.6162109375 0.9052734375 0.6103515625 0.890625 0.599609375 0.88623046875 0.59375 0.81591796875 0.580078125 0.79248046875 0.580078125 0.76318359375 0.5849609375 0.755859375 0.5986328125 0.779296875 0.603515625 0.77783203125 0.6015625 0.74853515625 0.59375 0.72802734375 0.59375 0.71923828125 0.5888671875 0.708984375 0.5830078125 0.708984375 0.556640625 0.73974609375 0.556640625 0.75146484375 0.548828125 0.76318359375 0.546875 0.78955078125 0.5498046875 0.796875 0.5625 0.79833984375 0.5625 0.82177734375 0.556640625 0.83935546875 0.556640625 0.85107421875 0.5595703125 0.8583984375 0.5673828125 0.8583984375 0.57421875 0.87158203125 0.578125 0.89208984375 0.576171875 0.92138671875 0.5791015625 0.9287109375 0.5908203125 0.92578125 0.59375 0.93017578125 0.58203125 0.96240234375 0.583984375 0.98291015625 0.5947265625 0.9990234375 0.619140625 0.99755859375 0.619140625 0.98876953125 0.6015625 0.96533203125 0.615234375 0.95068359375 0.6171875 0.93603515625