56 0.20524285 0.2499486359375 0.1542464015625 0.204571653125 0.1534107828125 0.20236731562500002 0.0342055046875 0.319273525 0.0882033453125 0.35644018593750004 0.1498148546875 0.3026914953125 0.20524285 0.2499486359375
56 0.16383639375 0.6715817796875 0.2965199515625 0.5006933640625 0.20638828125000003 0.45255715468749996 0.2052381203125 0.4572160109375 0 0.7023869375 0.0045406375 0.747299515625 0.090288396875 0.6401131343750001 0.16383639375 0.6715817796875
56 0.15250971093750001 0.759800653125 0.11414865156250001 0.7278596187499999 0.040178115625 0.7729255390625 0.0679062921875 0.79084655 0.0037050187499999996 0.873032753125 0.006407145312499999 0.9946819484375 0.1140261078125 0.8541138343749999 0.15250971093750001 0.759800653125
56 0.5301793296875 0.3933560859375 0.46935471562500003 0.514253934375 0.5489716859375 0.5543728390625 0.6009277484375 0.4163557796875 0.5301793296875 0.3933560859375
56 0.7577130109375 0.221925134375 0.70641184375 0.54561724375 0.7960627984374999 0.5715701171875 0.82420660625 0.2347823671875 0.7577130109375 0.221925134375
56 0.6627941609375 0.2539137078125 0.7024446484375 0.2698527625 0.731262625 0.207866890625 0.6814636109375 0.1882005296875 0.6627941609375 0.2539137078125
56 0.5326552812500001 0.2024303546875 0.550947646875 0.2214266453125 0.58798473125 0.213011996875 0.61350168125 0.17146713125 0.6098490265625001 0.1474199453125 0.5784423750000001 0.1437740890625 0.5609085421875 0.16264855312499998 0.5340105281249999 0.1505258859375 0.54383360625 0.12641484218750002 0.48782816875 0.11120650781250001 0.455764075 0.16800305468750001 0.489118325 0.1767708859375 0.48156574531249996 0.2171286078125 0.5053314578125 0.223264165625 0.5326552812500001 0.2024303546875
56 0.4072497609375 0.2197173578125 0.44238324999999995 0.1973886046875 0.4272697296875 0.1551199515625 0.4500161875 0.124602375 0.4323154484375 0.1019589484375 0.3381900375 0.19941518593750002 0.354215175 0.21896385624999998 0.392051153125 0.194877515625 0.4072497609375 0.2197173578125
56 0.7220795328125 0.0162224984375 0.7050347796875001 0.049169890625000004 0.7741246859375 0.0798577078125 0.7877367796875 0.046617553125 0.7220795328125 0.0162224984375
56 0.7330800421875 0.15193296875 0.7718014578125 0.18115019999999998 0.8515424296875 0.06558634375 0.8102472437499999 0.0496372640625 0.7834023218749999 0.1111368859375 0.7498898921875 0.100079828125 0.7330800421875 0.15193296875
56 0.5749180796875 0.07445589999999999 0.6098235734374999 0.10164054687499999 0.6309038828125 0.051332512500000003 0.5878665515625 0.0297704265625 0.5749180796875 0.07445589999999999