69 0.76171875 0.021875 0.06484375 0.03828125
69 0.940625 0.0140625 0.11875 0.028125
69 0.8296875 0.1125 0.06484375 0.184375
69 0.8625 0.3046875 0.05078125 0.1375
69 0.903125 0.428125 0.19375 0.11875
69 0.76484375 0.21015625 0.09921875 0.28671875
69 0.6859375 0.334375 0.05234375 0.075
69 0.7359375 0.4203125 0.13046875 0.0625
69 0.51484375 0.40234375 0.246875 0.0796875
69 0.55859375 0.27421875 0.1703125 0.17890625
69 0.60078125 0.08671875 0.10625 0.16171875
69 0.51875 0.13671875 0.05390625 0.0921875
69 0.39609375 0.16796875 0.0609375 0.065625
69 0.40390625 0.24296875 0.05078125 0.028125
69 0.33203125 0.340625 0.1234375 0.1734375
69 0.4359375 0.3203125 0.078125 0.08671875
69 0.30859375 0.21328125 0.0734375 0.0484375
69 0.08359375 0.22578125 0.046875 0.0765625
69 0.0984375 0.3453125 0.059375 0.13046875
69 0.05859375 0.459375 0.1078125 0.05234375
69 0.03125 0.1875 0.0609375 0.11953125
69 0.03984375 0.32265625 0.046875 0.0765625
69 0.17265625 0.396875 0.05078125 0.05546875
69 0.2296875 0.37421875 0.03515625 0.1125
69 0.93828125 0.065625 0.04921875 0.03984375
69 0.971875 0.11328125 0.05625 0.0171875
69 0.98203125 0.26015625 0.0359375 0.0484375
