68 0.71875 0.48828125 0.025 0.0328125
68 0.9140625 0.11953125 0.028125 0.02578125
68 0.965625 0.07421875 0.03515625 0.0328125
68 0.70625 0.1390625 0.03359375 0.03671875
68 0.703125 0.328125 0.01796875 0.0453125
68 0.88515625 0.53828125 0.02265625 0.028125
68 0.9078125 0.946875 0.01640625 0.0328125
68 0.95625 0.34765625 0.01640625 0.02734375
68 0.671875 0.76484375 0.0109375 0.015625
68 0.7609375 0.82734375 0.0234375 0.03515625
68 0.6109375 0.7203125 0.01640625 0.02265625
68 0.30234375 0.578125 0.02109375 0.0171875
68 0.36953125 0.5609375 0.0171875 0.01953125
68 0.24375 0.58828125 0.015625 0.0140625
68 0.17109375 0.61484375 0.0140625 0.02578125
68 0.090625 0.6390625 0.02421875 0.0140625
