6 0.29765625 0.6546875 0.05390625 0.41171875
6 0.35546875 0.9296875 0.1859375 0.13828125
6 0.50546875 0.571875 0.04375 0.5
6 0.49765625 0.8984375 0.08125 0.2015625
6 0.78125 0.184375 0.0703125 0.22890625
6 0.8859375 0.1515625 0.028125 0.303125
6 0.8125 0.37890625 0.06640625 0.10625
6 0.8546875 0.56875 0.1046875 0.18671875
6 0.94140625 0.590625 0.06171875 0.184375
6 0.87421875 0.809375 0.08125 0.25703125
6 0.9546875 0.8171875 0.0890625 0.2515625
6 0.8625 0.33125 0.03125 0.11015625
6 0.95546875 0.47578125 0.0875 0.18046875
6 0.40625 0.2234375 0.2375 0.43359375
