1 0.39765625 0.57734375 0.0203125 0.0453125
1 0.6796875 0.4890625 0.01796875 0.0484375
1 0.39453125 0.49765625 0.0203125 0.04765625
1 0.62421875 0.50078125 0.021875 0.04765625
1 0.62109375 0.58125 0.0203125 0.04453125
1 0.58203125 0.4875 0.01875 0.04765625
1 0.35 0.5640625 0.01796875 0.0453125
1 0.43984375 0.48515625 0.0171875 0.04765625
1 0.440625 0.56640625 0.0171875 0.0453125
1 0.34609375 0.4828125 0.01875 0.0484375
1 0.6765625 0.56875 0.01640625 0.0421875
1 0.57890625 0.56875 0.01796875 0.0484375
1 0.35234375 0.640625 0.01640625 0.04375
1 0.44140625 0.64375 0.01640625 0.04453125
1 0.48671875 0.64375 0.01640625 0.04375
31 0.49296875 0.3953125 0.6328125 0.1109375
3 0.4890625 0.5203125 0.6453125 0.3734375
