6 0.3462987015625 0.6780952375 0.3468398265625 0.7021118015625001 0.35885281406249997 0.7000621125000001 0.35885281406249997 0.679130434375 0.3462987015625 0.6780952375
3 0.06935606093749999 0.7151966875 0.072267315625 0.772318840625 0.115963203125 0.7862525875 0.09775974062500001 0.8252587984374999 0.137813853125 0.8294409937499999 0.19534632031250002 0.7751035203125001 0.3169751078125 0.7765010359375 0.3060497828125 0.8266563140625 0.357759740625 0.8169047624999999 0.3664989171875 0.7806832296875 0.5929978359375 0.7709316765625001 0.6170292203125001 0.8224741203124999 0.6629112546875 0.8169047624999999 0.650530303125 0.784855071875 0.7765259734375001 0.7751035203125001 0.822408009375 0.8252587984374999 0.8682900437500001 0.8169047624999999 0.8435281390625 0.7751035203125001 0.9025162343750001 0.77371635625 0.907619046875 0.7110144921875 0.9243668828124999 0.7068322984375001 0.9309199140625 0.6413561078125001 0.9382034625 0.6246376812500001 0.9433008656249999 0.58562111875 0.9345616890624999 0.5744824015625001 0.9469426406249999 0.42818840625 0.917591990625 0.41356107656249996 0.8165800859375001 0.4139751546875 0.8165800859375001 0.40087991718750005 0.8143939390625 0.39531055937500004 0.7583171 0.406035196875 0.6414989171875 0.410217390625 0.6417153671875 0.4012939953125 0.61856060625 0.40185300156250003 0.6180465374999999 0.40644927500000005 0.605010821875 0.4011594203125 0.5853463203125 0.40562111874999995 0.567429653125 0.4022774328125 0.52817640625 0.4032505171875 0.49271103906249997 0.404223603125 0.4928571421875 0.3957246375 0.4869534625 0.402546584375 0.3607413421875 0.40478260937500005 0.35797619062499997 0.3929399578125 0.32913419843749997 0.3958592125 0.33073593125 0.40407867499999994 0.2727651515625 0.397256728125 0.23263528125000002 0.4006004140625 0.233219696875 0.397256728125 0.159009740625 0.395445134375 0.157840909375 0.404358178125 0.097175325 0.4114699796875 0.027840909375 0.41843685312499995 0.04459415625 0.430973084375 0.03002705625 0.4435093171875 0.0460497828125 0.705445134375 0.06935606093749999 0.7151966875
1 0.7770508656249999 0.5458281578124999 0.7770508656249999 0.5200931671875 0.7720671 0.5205693578125 0.770449134375 0.54773291875 0.7770508656249999 0.5458281578124999
1 0.7673322515625001 0.5875258796875 0.7672077921875 0.6073084890625 0.772564934375 0.608737059375 0.77268939375 0.585144928125 0.7673322515625001 0.5875258796875
6 0.7982792203125 0.48923395468750003 0.7996482687500001 0.5208799171875 0.814577921875 0.5211180125 0.8143290046875 0.48875776406250004 0.7982792203125 0.48923395468750003
6 0.7974134203125 0.5522981359375 0.796791125 0.580610765625 0.8119642859375 0.5827536234374999 0.8142045453125 0.5520600421874999 0.7974134203125 0.5522981359375
6 0.7947997828125 0.61654244375 0.794550865625 0.6436749484375001 0.8081060609374999 0.64391304375 0.8105952375 0.6136956515625 0.7947997828125 0.61654244375
6 0.790692640625 0.6762732921875 0.790070346875 0.70792960625 0.8061201296875 0.7098343687499999 0.8071158015625001 0.67555900625 0.790692640625 0.6762732921875
6 0.577380953125 0.704855071875 0.5782521640625 0.7312732921875 0.5916883109375 0.7255590062499999 0.59318181875 0.704855071875 0.577380953125 0.704855071875
6 0.6151948046875 0.6763043484375 0.6153192640625 0.7015217390624999 0.6288798703125 0.704855071875 0.6295021640625 0.675113871875 0.6151948046875 0.6763043484375
6 0.615070346875 0.6153830234375001 0.6154437234375 0.640134575 0.628630953125 0.6432194609375 0.629875540625 0.6122877843750001 0.615070346875 0.6153830234375001
6 0.6178084421875 0.5539855078125 0.6169372296875 0.58444099375 0.63 0.58253623125 0.6312445890625 0.5535093171875001 0.6178084421875 0.5539855078125
6 0.6189285718749999 0.4892546578125 0.6189285718749999 0.51733954375 0.6334848484375 0.5175776390625 0.6349783546875 0.48687370625000004 0.6189285718749999 0.4892546578125
1 0.309253246875 0.5874741203125 0.3088041125 0.606925465625 0.3229870125 0.608633540625 0.3229870125 0.582619046875 0.309253246875 0.5874741203125
1 0.311645021875 0.6426190468749999 0.311942640625 0.6657246375 0.324632034375 0.6651552796875 0.3247781390625 0.6371635609374999 0.311645021875 0.6426190468749999
1 0.3091071421875 0.5195445140625 0.3067153671875 0.5243995859374999 0.3088041125 0.54549689375 0.32 0.5460973078125 0.321347403125 0.518964803125 0.3091071421875 0.5195445140625
1 0.31507575781249997 0.70430641875 0.3140313859375 0.72654244375 0.32567640625 0.7236956515624999 0.324632034375 0.7060144921875 0.31507575781249997 0.70430641875
10 0.49070346249999997 0.396759834375 0.4861904765625 0.40292960625 0.4765205625 0.4169047625 0.4855465375 0.42636645937499995 0.4993019484375 0.4255383015625 0.49070346249999997 0.396759834375
10 0.47372294375 0.42562111874999997 0.56937770625 0.4210973078125 0.5640043296874999 0.41740165625000003 0.4767316015625 0.41904761874999996 0.47372294375 0.42562111874999997
10 0.8707683984375001 0.42811594218750004 0.8702705625 0.4371635609375 0.9252489171875 0.4362111796875 0.94502705625 0.42930641875 0.8707683984375001 0.42811594218750004
10 0.8142316015625 0.4289544515625 0.8158712124999999 0.4375258796875 0.8694642859374999 0.43580745312499997 0.8705086578125 0.4263871640625 0.8142316015625 0.4289544515625
10 0.025151515625 0.4160455484375 0.055422078124999996 0.42838509374999995 0.1501839828125 0.42393374687499996 0.100205628125 0.41433747343749994 0.025151515625 0.4160455484375
6 0.24442640624999998 0.5156625265625 0.24545995625 0.572908903125 0.293955628125 0.574389234375 0.29318181875 0.5112215328125 0.24442640624999998 0.5156625265625
6 0.29524350625 0.4988819875 0.295757575 0.5201035203125 0.30091991406249996 0.5196169765625 0.3011742421875 0.5062939953125001 0.29524350625 0.4988819875
6 0.1417748921875 0.46169772187499997 0.14393939375 0.46169772187499997 0.1455627703125 0.4585921328125 0.2429210140625 0.50816278125 0.29437229375 0.5424430640625 0.2927489171875 0.5455486546875 0.2927489171875 0.5507246375 0.29437229375 0.5569358171875 0.2949134203125 0.5973084890625 0.2959956703125 0.602484471875 0.297619046875 0.6293995859375 0.29978355 0.6335403734375 0.302489178125 0.6335403734375 0.3041125546875 0.6304347828125 0.3041125546875 0.6252587984375 0.3008658015625 0.5921325046875 0.30032467500000004 0.553830228125 0.299242425 0.5465838515625 0.29707792187500004 0.5424430640625 0.24034844843749997 0.506448765625 0.1451635796875 0.443030240625 0.14393939375 0.44720496875000004 0.1423160171875 0.44306418281250004 0.142591015625 0.4413162265625 0.140692640625 0.4389233953125 0.14001845156249998 0.4396022125 0.1374458875 0.4378881984375 0.1358225109375 0.4409937890625 0.1358225109375 0.446169771875 0.140151515625 0.4585921328125 0.1417748921875 0.46169772187499997
6 0.2104978359375 0.44306418281250004 0.21000000000000002 0.44749482343749997 0.2115027828125 0.44676131406249997 0.21191558437500002 0.45126294062500005 0.21328076718750003 0.45075421406249994 0.21383116875 0.45503105625 0.21505875 0.45474711562500003 0.215746753125 0.45879917187499997 0.216836734375 0.4587400171875 0.21766233750000002 0.46256728750000004 0.21861471875 0.46273291875 0.21957792187499997 0.466335403125 0.231071428125 0.4889441 0.2328385890625 0.49467613125 0.23490259687499998 0.49648033125 0.2346165734375 0.4986690328125 0.23681818125 0.5002484468749999 0.23639455781250002 0.5026619343750001 0.238733765625 0.5040165625 0.2381725421875 0.5066548359375 0.24064934999999998 0.5077846796875 0.23995052499999997 0.5106477375 0.24256493437499999 0.5115527953125001 0.24172850937499998 0.5146406390625 0.2968460109375 0.6384205859375001 0.299242425 0.6563147 0.29870129843750004 0.6656314703125 0.3012987015625 0.6730848859375 0.29870129843750004 0.6821946171875 0.30032467500000004 0.6853002078125 0.302489178125 0.6853002078125 0.3041125546875 0.6821946171875 0.3046536796875 0.670807453125 0.302597403125 0.6685300203125 0.30573593125 0.65838509375 0.3021799625 0.650399290625 0.29991883124999996 0.648550725 0.30005411249999997 0.6428571421875 0.2986239953125 0.6424134875 0.30018939375000003 0.6371635609374999 0.30032467500000004 0.6314699796875 0.3014069265625 0.6293995859375 0.30573593125 0.6314699796875 0.3041125546875 0.6283643890625 0.30194805156250004 0.6283643890625 0.24448051875000001 0.5153209109375 0.23593073593749997 0.44409937812500005 0.23755411249999997 0.4409937890625 0.23917748906249997 0.4409937890625 0.24242424218749997 0.44306418281250004 0.25595238125 0.445134575 0.26082251093750003 0.44409937812500005 0.2629870125 0.4409937890625 0.2700216453125 0.44409937812500005 0.2830086578125 0.445134575 0.29220779218750004 0.450310559375 0.29545454531250004 0.4585921328125 0.297619046875 0.4585921328125 0.299242425 0.4554865421875 0.29870129843750004 0.44720496875000004 0.29437229375 0.4389233953125 0.2862554109375 0.43581780468750003 0.2851731609375 0.4337474125 0.271103896875 0.43271221562499995 0.259740259375 0.42753623125000006 0.2483766234375 0.42753623125000006 0.24404761874999997 0.4244306421875 0.23755411249999997 0.4244306421875 0.2353896109375 0.428571428125 0.222402596875 0.42753623125000006 0.2207792203125 0.430641821875 0.2142857140625 0.428571428125 0.2121212125 0.43167701875000003 0.2077922078125 0.43167701875000003 0.20616883125 0.434782609375 0.20616883125 0.43995859218750005 0.208084415625 0.4437267078125 0.2104978359375 0.44306418281250004
6 0.678030303125 0.7619047625 0.678030303125 0.7670807453124999 0.6796536796875 0.7701863359375001 0.6818181812499999 0.7701863359375001 0.6834415578125 0.7670807453124999 0.6834415578125 0.7619047625 0.684523809375 0.75983436875 0.6866883109375 0.75983436875 0.6888528140625 0.7536231890625 0.6929112546875 0.754658384375 0.6931818187500001 0.760869565625 0.6948051953125 0.7639751546875 0.696969696875 0.7639751546875 0.6991341984375 0.758799171875 0.700757575 0.758799171875 0.702380953125 0.75569358125 0.702380953125 0.7505175984375 0.7673160171875 0.7532250359375 0.79978355 0.7567287781250001 0.799242425 0.7991718421875 0.8008658015625001 0.8022774328125 0.803030303125 0.8022774328125 0.80681818125 0.8002070390625 0.8084415578125 0.79710145 0.8111471859374999 0.776397515625 0.8111471859374999 0.7660455484375001 0.8100649343749999 0.760869565625 0.8079004328125 0.7567287781250001 0.8051948046874999 0.7567287781250001 0.8035714281249999 0.7536231890625 0.7646103890625 0.7529330562500001 0.702380953125 0.74621755 0.700757575 0.7474120078125 0.6996753250000001 0.745925571875 0.697510821875 0.7463768109375 0.696969696875 0.7456335937499999 0.69426406875 0.745341615625 0.6926406921875 0.7484472046875 0.6914231609375 0.7461180125 0.6888528140625 0.7484472046875 0.6885822515625 0.7468944093750001 0.6872294375 0.745341615625 0.6857413421875 0.7476708078125001 0.684523809375 0.745341615625 0.6829004328125 0.7484472046875 0.6829004328125 0.7567287781250001 0.6818181812499999 0.758799171875 0.6796536796875 0.758799171875 0.678030303125 0.7619047625
6 0.6195887453125 0.75983436875 0.6174242421875 0.75983436875 0.615259740625 0.7639751546875 0.3535591765625 0.7639751546875 0.6147186140625001 0.7867494828125 0.61850649375 0.79710145 0.621212121875 0.79710145 0.624458875 0.79089026875 0.6233766234375 0.7670807453124999 0.6195887453125 0.75983436875
6 0.3371212125 0.7681159421875 0.3535591765625 0.7639751546875 0.33720289062500003 0.7639751546875 0.3354978359375 0.7650103515625 0.33447684375 0.7639751546875 0.3325216453125 0.76552795 0.33175079687500003 0.7639751546875 0.32954545468749996 0.7660455484375001 0.3290247484375 0.7639751546875 0.32629870156249996 0.7639751546875 0.32467532499999996 0.7670807453124999 0.32467532499999996 0.796066253125 0.328463203125 0.8033126296875001 0.33441558437499996 0.8033126296875001 0.3365800859375 0.7991718421875 0.3371212125 0.7681159421875
26 0 0.4183333328125 0.00154761875 0.995507246875 0.09943181875 0.8266666671875 0.11333874531250002 0.786759834375 0.0721536796875 0.7714182187499999 0.0689448046875 0.717184265625 0.04540584375 0.705921325 0.028825757812500002 0.4439751546875 0.0432683984375 0.42964803281249997 0.025616882812500002 0.41533126249999996 0 0.016397515625 0 0.4183333328125
26 0 0 0 0.0061283640625 0.022624459375 0.41707039375 0.1566071421875 0.40171842656249995 0.15869588750000002 0.39526915156250003 0.23325757500000002 0.3977225671875 0.2685551953125 0.39578674999999996 0.329853896875 0.4035610765625 0.32878246718750004 0.39332298125 0.3578300859375 0.3925051765625 0.362104978125 0.40192546562500003 0.485286796875 0.40069358125 0.493630953125 0.3925051765625 0.49470238125000005 0.4015113875 0.60103355 0.40069358125 0.6161742421875 0.4041718421875 0.6180465374999999 0.39947205 0.6421645015624999 0.39885093125000004 0.6437175328125 0.40601449218749996 0.8152002171875001 0.39240165625 0.8189448046875001 0.4107246375 0.9192316015625 0.41368530000000003 0.9486471859375 0.42903726718749996 0.93714826875 0.57536231875 0.9445833328125 0.5812939953125 0.9393452375000001 0.6257039343749999 0.9310010828124999 0.6440165625 0.9261850656249999 0.70684265 0.9081060609374999 0.715134575 0.9044696968749999 0.7747929609375 0.84606060625 0.7779606625000001 0.86986471875 0.816335403125 0.8227922078125 0.8285093171875 0.77529761875 0.7754037265625 0.6516883109375 0.7865527953125 0.6659145015625 0.8173602484375 0.617992425 0.82687370625 0.5916774890625 0.772846790625 0.3669209953125 0.7823602484375 0.3592207796875 0.8178674953125 0.305037878125 0.8258488609375 0.316645021875 0.7784782609375 0.19485389687500002 0.775610765625 0.1387445890625 0.8336231890624999 0.0990584421875 0.82687370625 0.0028354984375 1 1 1 1 0 0 0
26 0.0847240265625 0.8168426500000001 0.07241883125000001 0.6817805390625 0.0606547625 0.6162939953125 0.064929653125 0.7042857140625001 0.0702813859375 0.8076397515625 0.1023701296875 0.870051759375 0.1141396109375 0.8659627328124999 0.0847240265625 0.8168426500000001
6 0.571915584375 0.5240476187499999 0.572992425 0.5274741203125 0.5733495671875 0.530900621875 0.57478355 0.5381055906250001 0.575854978125 0.553178053125 0.5762175328125 0.5600310562499999 0.5771103890625 0.5648343687499999 0.5771103890625 0.5716873703124999 0.575854978125 0.5847101453125 0.574604978125 0.5963561078125 0.57388528125 0.6059523812500001 0.57693181875 0.620341615625 0.57693181875 0.6217184265625 0.57693181875 0.6316563140625 0.57693181875 0.6395341609375 0.5774675328125001 0.646728778125 0.5774675328125001 0.6542753625 0.576396103125 0.664554865625 0.5774675328125001 0.67654244375 0.57872294375 0.6816873703125 0.58051406875 0.6792857140625 0.5823051953125 0.6772256734375001 0.58660173125 0.67654244375 0.589469696875 0.67654244375 0.59448593125 0.67654244375 0.59448593125 0.6714078671875 0.5941287875000001 0.663178053125 0.5950216453125 0.6463871640625001 0.5931601734374999 0.6393892343750001 0.5913636359375001 0.6373913046874999 0.585692640625 0.6271118015625 0.5847997828125 0.622256728125 0.585990259375 0.6156935812500001 0.5904707796875 0.6168322984375 0.5952489171875001 0.615973084375 0.596293290625 0.6139751546875 0.59823051875 0.6102691515625 0.598679653125 0.606262940625 0.599280303125 0.595703934375 0.5997240265625 0.5862732921875 0.6000216453125 0.5819979296875 0.6009199140625 0.5662836437500001 0.6019642859375 0.5557246375 0.6037554109375 0.5414389234375 0.6047997828125 0.5265942031249999 0.606141775 0.5140269156249999 0.60763528125 0.5028881984375 0.6073376625 0.494606625 0.6064448046875001 0.48690476250000003 0.606888528125 0.47690476249999997 0.6079329 0.46290890312500005 0.609280303125 0.45720496875 0.6098755406249999 0.4517701859375 0.6130086578125 0.4426397515625 0.6143560609375001 0.428074534375 0.5695725109375 0.4263561078125 0.5699458875000001 0.5093167703125 0.5710227265625 0.5134265015625 0.571915584375 0.5240476187499999
6 0.5708766234375 0.55700828125 0.576969696875 0.5746169765625 0.574361471875 0.5451035203125 0.5708766234375 0.55700828125
31 0.47683982656249996 0.4308799171875 0.612267315625 0.4308799171875 0.8414069265625 0.43701863281250003 0.9274134203125 0.4357971015625 0.946672078125 0.425973084375 0.8150919906249999 0.41860248437500003 0.8189448046875001 0.4014078671875 0.816374459375 0.39404761875 0.7765800859375 0.40509316718750005 0.7759415578125 0.39650103593749997 0.7586093078125 0.40509316718750005 0.7566829 0.41001035156250004 0.642435065625 0.4087784671875 0.641791125 0.4001863359375 0.6199675328125 0.4026397515625 0.617402596875 0.4087784671875 0.6077759734375 0.4063250515625 0.607132034375 0.4014078671875 0.600070346875 0.40509316718750005 0.5846699140625 0.4038716359375 0.49288419843750003 0.4026397515625 0.49160173125 0.39650103593749997 0.4883928578125 0.4014078671875 0.358739178125 0.4063250515625 0.358739178125 0.392815734375 0.3311363640625 0.39404761875 0.331780303125 0.40509316718750005 0.27529761875 0.4014078671875 0.2701623375 0.39526915156250003 0.26630952343750003 0.4038716359375 0.2342207796875 0.3989544515625 0.2335768390625 0.39404761875 0.1591233765625 0.3989544515625 0.1584794375 0.407546584375 0.0403787875 0.41491718437499997 0.026260821875 0.41860248437500003 0.0416666671875 0.42350931718749996 0.1777380953125 0.4271946171875 0.2740151515625 0.425973084375 0.47683982656249996 0.4308799171875
1 0.154853896875 0.4894306421875 0.1551136359375 0.51710145 0.1706060609375 0.5180848859375 0.170091990625 0.48646997968749994 0.154853896875 0.4894306421875
1 0.15931818125 0.5493685296875 0.159577921875 0.571594203125 0.1732683984375 0.575051759375 0.1748160171875 0.547877846875 0.15931818125 0.5493685296875
1 0.162175325 0.610144928125 0.1632034625 0.6383022781250001 0.1768831171875 0.6363250515625001 0.1755898265625 0.6111283640625 0.162175325 0.610144928125
1 0.16525974062499998 0.6728881984374999 0.1650054109375 0.705 0.1794642859375 0.7025362312500001 0.17998376562500001 0.67338509375 0.16525974062499998 0.6728881984374999
1 0.1988365796875 0.6521325046875 0.1985768390625 0.6837577640625 0.23215367968749998 0.6817805390625 0.23215367968749998 0.6496687375 0.1988365796875 0.6521325046875
1 0.29827380937500003 0.639782609375 0.28045454531249997 0.6501552796875 0.24894480468750002 0.65312629375 0.2497186140625 0.6827639750000001 0.28122835468749996 0.6817805390625 0.299307359375 0.667453415625 0.29827380937500003 0.639782609375
1 0.2045183984375 0.513291925 0.2047781390625 0.5518322984374999 0.24119588749999998 0.5493685296875 0.2370616890625 0.5093374734375 0.2045183984375 0.513291925
1 0.2081331171875 0.5829606625 0.20761904687500002 0.6071739125 0.2396428578125 0.61161490625 0.24093614687499998 0.58444099375 0.2081331171875 0.5829606625
1 0.2396428578125 0.44560041406249995 0.24093614687499998 0.4821635609375 0.278641775 0.47672877812500003 0.27606060625 0.44560041406249995 0.2396428578125 0.44560041406249995
1 0.28896103906250004 0.4480331265625 0.275800865625 0.446594203125 0.278901515625 0.47672877812500003 0.29129870156250004 0.47672877812500003 0.28896103906250004 0.4480331265625
1 0.30627705625 0.45746376875 0.30550324687499997 0.47772256718749995 0.3204870125 0.48315735000000004 0.3204870125 0.4549896484375 0.30627705625 0.45746376875
1 0.1260551953125 0.5789751546875 0.12742424218749998 0.60161490625 0.1396266234375 0.601397515625 0.138630953125 0.5775672875 0.1260551953125 0.5789751546875
1 0.1238095234375 0.5165424437499999 0.1255519484375 0.5441821953125 0.1352705625 0.5427536234375 0.13464826875 0.5170496890625 0.1238095234375 0.5165424437499999
1 0.1288636359375 0.6414182187499999 0.130476190625 0.6644099375 0.1415963203125 0.6637267078125 0.141239178125 0.640393375 0.1288636359375 0.6414182187499999
1 0.133706709375 0.7014699796875 0.13568181875000002 0.728571428125 0.143030303125 0.7247929609375 0.1441071421875 0.70181159375 0.133706709375 0.7014699796875
1 0.08904761875 0.7004347828124999 0.088685065625 0.7206832296875 0.10662337656250001 0.721708075 0.10393398281249999 0.6966563140625001 0.08904761875 0.7004347828124999
1 0.101152596875 0.5059937890625 0.07334956718749999 0.5107971015625 0.039810606250000005 0.5128571421875 0.041244589062499996 0.5512836437499999 0.0769372296875 0.546821946875 0.1025865796875 0.5409834375 0.101152596875 0.5059937890625
1 0.1058171 0.57049689375 0.07926948125 0.5777018640625 0.0410660171875 0.57667701875 0.039989178125000004 0.6068633546875 0.07926948125 0.608240165625 0.10527597343749999 0.6020600421875 0.1058171 0.57049689375
1 0.1072510828125 0.6305383015625 0.0828571421875 0.637743271875 0.0471645015625 0.64049689375 0.049675325 0.6754865421875 0.08554653749999999 0.6748033125 0.110119046875 0.6621118015625 0.1072510828125 0.6305383015625
1 0.9362283546875 0.451231884375 0.898739178125 0.45194617031249995 0.875449134375 0.45575569375 0.8734523812500001 0.4826915109375 0.8974945890624999 0.48340579687499996 0.93573051875 0.48388198750000005 0.9362283546875 0.451231884375
1 0.9311201296875 0.528436853125 0.896374459375 0.5258178046875 0.8722077921875 0.5231987578124999 0.8723322515625 0.5470186328125 0.89562229375 0.5520289859374999 0.928630953125 0.5525051765625 0.9311201296875 0.528436853125
1 0.8302326843750001 0.646625259375 0.83073051875 0.66496894375 0.841071428125 0.6685403734375 0.841942640625 0.6463871640625001 0.8302326843750001 0.646625259375
1 0.837705628125 0.5234265015624999 0.8370833328125 0.5470186328125 0.8496645015625001 0.549161490625 0.84954004375 0.5258178046875 0.837705628125 0.5234265015624999
1 0.8402002171875 0.46100414062499995 0.839821428125 0.48435817812500004 0.8537716453125 0.48721532031250003 0.8529004328124999 0.4557660453125 0.8402002171875 0.46100414062499995
1 0.7680790046875 0.46243271249999995 0.7664610390625 0.4850724640625 0.7781709953125 0.4865010359375 0.7796645015625 0.45838509375000003 0.7680790046875 0.46243271249999995
1 0.7566233765625 0.7069047625 0.7557521640625 0.7300207046875 0.7698268390624999 0.7281159421875001 0.7693290046875 0.7057142859375001 0.7566233765625 0.7069047625
1 0.719632034375 0.7116666671874999 0.718630953125 0.7302587984375 0.7366937234375001 0.7283540375 0.737813853125 0.7119047625 0.719632034375 0.7116666671874999
1 0.6796482687500001 0.706428571875 0.67939935 0.7266873703125001 0.69758116875 0.728830228125 0.6968344156249999 0.71 0.6796482687500001 0.706428571875
1 0.6503787875 0.707380953125 0.6487554109375 0.7281159421875001 0.6607142859375 0.7281159421875001 0.6615854984375 0.704523809375 0.6503787875 0.707380953125
1 0.651374459375 0.6463871640625001 0.651374459375 0.671397515625 0.6640800859375 0.6711594203125 0.6632034625000001 0.646625259375 0.651374459375 0.6463871640625001
1 0.6540692640625 0.586532090625 0.653030303125 0.609865425 0.663409090625 0.61036231875 0.6645346328125 0.58404761875 0.6540692640625 0.586532090625
1 0.6557954546875 0.5216666671875 0.6553625546874999 0.54549689375 0.6651406921875 0.54450310625 0.6651406921875 0.52315735 0.6557954546875 0.5216666671875
1 0.19967532500000001 0.4427743265625 0.20029761875 0.48066252656249997 0.23529761875 0.4782815734375 0.23492424218750002 0.4456314703125 0.19967532500000001 0.4427743265625
1 0.1931980515625 0.4577846796875 0.194821428125 0.48090062187499993 0.20167207812500001 0.4797101453125 0.1997997828125 0.45373705937500003 0.1931980515625 0.4577846796875
1 0.19731060625000002 0.5209316765625001 0.19818181875000002 0.5423706 0.204036796875 0.543571428125 0.203041125 0.51496894375 0.19731060625000002 0.5209316765625001
1 0.27564935 0.7077225671875 0.2774458875 0.7260248453125 0.29224025937500003 0.7260248453125 0.29418289999999997 0.7028674953125 0.27564935 0.7077225671875
1 0.235146103125 0.7060144921875 0.23663961093750002 0.72345755625 0.2529329 0.722877846875 0.25367965312499996 0.707153209375 0.235146103125 0.7060144921875
1 0.6562445890624999 0.46012422343750004 0.6554978359375 0.4849068328125 0.6683225109375 0.4839441 0.6669534625 0.4579813671875 0.6562445890624999 0.46012422343750004
1 0.731130953125 0.588043478125 0.731130953125 0.6185093171875 0.7627705625 0.6139855078124999 0.7640584421875001 0.5839233953125 0.731130953125 0.588043478125
1 0.733928571875 0.5192753625 0.7352218609375 0.548105590625 0.75932359375 0.551397515625 0.7591125546875 0.5188716359375001 0.733928571875 0.5192753625
1 0.7283225109375 0.5831469984375001 0.6941937234375 0.5836231890625 0.6808658015625 0.58052795 0.680367965625 0.6100724640624999 0.6940692640624999 0.61578675 0.7283225109375 0.6155486546875 0.7283225109375 0.5831469984375001
1 0.725584415625 0.650579709375 0.6894642859375 0.649389234375 0.6796212125000001 0.6419979296875 0.6796212125000001 0.67273291875 0.69133116875 0.6806004140625 0.7233387453125 0.68226708125 0.725584415625 0.650579709375
1 0.72807359375 0.6515320906250001 0.7284469703124999 0.6815527953125 0.7645671 0.6832194609375 0.76431818125 0.6522463765625 0.72807359375 0.6515320906250001
1 0.72931818125 0.52095238125 0.6929491343749999 0.5176190468749999 0.68323593125 0.5171428578125 0.6851028140625 0.5521635609375 0.6917045453124999 0.5483540375 0.7298160171875 0.5512111796875 0.72931818125 0.52095238125
1 0.8336363640625001 0.584751553125 0.833382034375 0.611428571875 0.84551948125 0.608964803125 0.8465476187500001 0.5842650109374999 0.8336363640625001 0.584751553125
6 0.0995021640625 0.47496894375 0.0935822515625 0.4368840578125 0.0700865796875 0.4344824015625 0.031347403125 0.4372256734375 0.036726190625 0.5041407875 0.07385281406250001 0.5055072468749999 0.09932359375000001 0.5024223609375 0.0995021640625 0.47496894375
6 0.117976190625 0.453012421875 0.11851190468749999 0.4773706 0.131428571875 0.480113871875 0.131428571875 0.4516356109375 0.117976190625 0.453012421875
6 0.3403787875 0.48697722499999996 0.344507575 0.5164906828125 0.35544913437500003 0.51614906875 0.35580627656249997 0.4862939953125 0.3403787875 0.48697722499999996
6 0.342353896875 0.5494306421874999 0.3427110390625 0.5782505171875 0.35741883125 0.5775672875 0.3568831171875 0.5542339546874999 0.342353896875 0.5494306421874999
6 0.344145021875 0.61496894375 0.344686146875 0.6396687375 0.35544913437500003 0.638291925 0.3583171 0.6125672875 0.344145021875 0.61496894375
6 0.38306818125 0.7052070390625 0.38396645 0.7288819875 0.39867424218749997 0.7251035203125 0.3970562765625 0.7041718421875001 0.38306818125 0.7052070390625
6 0.383246753125 0.6430952375000001 0.38342532500000004 0.6643685296874999 0.396341990625 0.6657453421875 0.39669913437500004 0.64207039375 0.383246753125 0.6430952375000001
6 0.3870129875 0.5566356109374999 0.382348484375 0.58167701875 0.38396645 0.6132505171875 0.3961634203125 0.6146169765625 0.3959794375 0.5830538296875 0.3870129875 0.5566356109374999
6 0.43902597343750005 0.6084472046875 0.44010281406249996 0.5871739125000001 0.4192965375 0.5847722562500001 0.42001623437499996 0.622515528125 0.42485930781250003 0.6259420296875 0.4268290046875 0.61016563125 0.43902597343750005 0.6084472046875
6 0.41212662343749995 0.61667701875 0.4076406921875 0.6389855078125 0.4402813859375 0.6427536234375 0.44655844218749996 0.6146169765625 0.41212662343749995 0.61667701875
6 0.459334415625 0.4785093171875 0.459334415625 0.4883540375 0.459767315625 0.499026915625 0.459767315625 0.5044202906249999 0.459767315625 0.5167494828125 0.459767315625 0.526180125 0.459767315625 0.531925465625 0.45911796562499996 0.5393374734374999 0.459334415625 0.5508488609375 0.45890151562500003 0.5599171843749999 0.45955086562499997 0.5665010359375 0.4599512984375 0.5751552796875 0.459334415625 0.5915734984375 0.459334415625 0.595248446875 0.45911796562499996 0.6051552796874999 0.458685065625 0.619917184375 0.458685065625 0.6257246375000001 0.458685065625 0.6347412015625 0.458685065625 0.6446480328125 0.45890151562500003 0.6565631468750001 0.4603896109375 0.6738095234375 0.46060606093749995 0.6873913046875 0.4608225109375 0.6988923390624999 0.4601677484375 0.7153726703125 0.4599512984375 0.7272981359374999 0.4599512984375 0.738799171875 0.4696536796875 0.7342960656249999 0.4692207796875 0.7536231890625 0.48338203437500005 0.7622153203125 0.4945725109375 0.7622153203125 0.501672078125 0.7618012421875 0.5124242421874999 0.7618012421875 0.518436146875 0.7622153203125 0.5291937234375 0.764296065625 0.5375595234375 0.7605590062500001 0.5425216453124999 0.760973084375 0.5496158015625 0.7622153203125 0.5562824671875 0.7626294 0.5590692640625 0.7618012421875 0.560773809375 0.7613871640625 0.56356060625 0.7556314703125 0.562077921875 0.7453830234375001 0.560990259375 0.7371325046874999 0.560773809375 0.730144928125 0.5592857140625 0.72273291875 0.5586363640625 0.7149585921875 0.5597186140625 0.7063043484375 0.560340909375 0.700134575 0.56356060625 0.6923084890625 0.5637824671875 0.6878053828125 0.5639989171875001 0.6787370593750001 0.5639989171875001 0.6717391296875 0.5639989171875001 0.6606521734374999 0.5642153671875 0.6487370593749999 0.56464826875 0.6409109734375 0.56551406875 0.6314803312499999 0.56616883125 0.62365424375 0.5667857140625 0.6154140781249999 0.568955628125 0.595248446875 0.568955628125 0.5928260875 0.569172078125 0.5829192546875 0.569172078125 0.576335403125 0.569388528125 0.56815735 0.569604978125 0.5603312625 0.5704437234374999 0.551262940625 0.5713095234375001 0.5418322984375 0.5710930734375 0.5327639750000001 0.5706601734375 0.5183540375 0.570010821875 0.5085093171875 0.569821428125 0.4982505171875 0.569821428125 0.4916666671875 0.5702272734375 0.477681159375 0.5713095234375001 0.46161490625 0.5710930734375 0.45052795 0.569388528125 0.43860248437499993 0.568955628125 0.42912008281249997 0.5685227265624999 0.4262732921875 0.46642857187500003 0.43036231875000003 0.4646969703125 0.449689440625 0.459334415625 0.45710145 0.459767315625 0.468602484375 0.459334415625 0.4785093171875
6 0.44468073593749996 0.704296065625 0.445925325 0.6874430640625 0.4273701296875 0.6830848859375 0.4291287875 0.6717805390625 0.4393939390625 0.671180125 0.43959956718750004 0.646594203125 0.42094155781250003 0.6448033125 0.41969697031250003 0.6765320906250001 0.4117153671875 0.6854554859374999 0.4091233765625 0.70450310625 0.44468073593749996 0.704296065625
6 0.421358225 0.7094513453125 0.42187229375 0.722743271875 0.4402218609375 0.724523809375 0.44063852812500004 0.7082608703125 0.421358225 0.7094513453125
6 0.37926406875 0.45483436875 0.381206709375 0.4813871640625 0.3935930734375 0.48195652187500004 0.3920995671875 0.45654244374999997 0.37926406875 0.45483436875
6 0.3812012984375 0.5216563140625 0.38075757499999996 0.54707039375 0.396130953125 0.5476397515625 0.394935065625 0.518799171875 0.3812012984375 0.5216563140625
6 0.11105519531250001 0.443302278125 0.1158225109375 0.46075569375000003 0.11706710000000001 0.4672981359375 0.11768939375000001 0.450641821875 0.13437770625 0.4538095234375 0.1346915578125 0.443105590625 0.134794371875 0.4314078671875 0.1376948046875 0.42842650156250006 0.142564934375 0.42506211250000003 0.054545454687499995 0.42339544531250006 0.0959199140625 0.42863354062500003 0.0947781390625 0.4480641828125 0.10431818125 0.44707039374999996 0.10814935 0.436366459375 0.11105519531250001 0.443302278125
6 0.6847240265625001 0.450610765625 0.6832305187500001 0.5079606625 0.7333603890625 0.509865425 0.7321158015625 0.44584886093750004 0.6847240265625001 0.450610765625
6 0.736347403125 0.449658384375 0.7358495671874999 0.5079606625 0.770178571875 0.511532090625 0.7726677484375 0.446563146875 0.736347403125 0.449658384375
6 0.9369209953125001 0.5875569359374999 0.8924350656250001 0.5898447203125 0.8652705624999999 0.5835610765625 0.86258116875 0.635248446875 0.8904978359375001 0.6438198749999999 0.929307359375 0.6458178046875 0.9369209953125001 0.5875569359374999
6 0.8642532468749999 0.73022774375 0.862462121875 0.7359420296875 0.8770887453125 0.736231884375 0.8835119046875001 0.7356521734375 0.886791125 0.719948240625 0.886347403125 0.70710145 0.9030627703125 0.7079606625 0.9185876625 0.7088095234375 0.9212770562499999 0.6913975156250001 0.9214231609375 0.6819668734375 0.922321428125 0.666262940625 0.9236634203125 0.6496997921875 0.8658928578125 0.641708075 0.8596266234375 0.695393375 0.8506709953125 0.6979606625 0.8612662343749999 0.7170910968750001 0.8642532468749999 0.73022774375
6 0.8235984843749999 0.7246273296875 0.8282629874999999 0.7329606625 0.8375919906249999 0.7363250515625 0.8412175328125 0.7319668734375 0.8425649343750001 0.7224430640625 0.8429816015625 0.7121325046875 0.84557359375 0.7042028984375001 0.8480627703125 0.701428571875 0.85064935 0.6927018640625 0.8462987015625 0.6865527953125 0.8438095234375 0.68595238125 0.8372781390625 0.688737059375 0.8307467531249999 0.6978571421875001 0.8271212125 0.702815734375 0.8251515156250001 0.711335403125 0.8235984843749999 0.7246273296875
