26 0 0 0 1 0.22899891718749998 1 0.2399945890625 0.9993892343749999 0.1539880953125 0.0195445140625 0.264388528125 0.029358178125000002 0.377353896875 0.040414078125 0.377992425 0.055144928125000006 0.4967370125 0.0772463765625 0.67709415625 0.093209109375 0.6886471859375 0.0846169765625 0.7399945890625 0.0784782609375 0.7708062765625 0.0846169765625 0.8446158015625 0.0821635609375 0.8863365796875 0.09075569375 0.8016125546874999 0.9588716359375 0.797759740625 0.9993892343749999 0.8142586578125 1 0.9973863640625 1 0.9986580093749999 0 0 0
10 0.4379816015625 0.077287784375 0.4406168828125 0.10023809531250001 0.49124999999999996 0.1119979296875 0.49622294375 0.0856832296875 0.4379816015625 0.077287784375
26 0.7987175328125 1 0.8021103890625 0.9587888203125001 0.24897727343749998 0.99773291875 0.6562445890624999 1 0.7987175328125 1
6 0.6022727265625 0.950310559375 0.6022727265625 0.9575569359375 0.6044372296875 0.963768115625 0.6066017312499999 0.965838509375 0.6125541125 0.965838509375 0.6147186140625001 0.963768115625 0.61850649375 0.9544513453125001 0.6201298703125 0.9461697718750001 0.621753246875 0.944099378125 0.6228354984375 0.9399585921875 0.625 0.9378881984375 0.6271645015625 0.944099378125 0.627705628125 0.9534161484375 0.628787878125 0.9565217390624999 0.63095238125 0.9585921328125 0.634740259375 0.9585921328125 0.6374458875 0.9554865421875001 0.6385281390624999 0.95134575625 0.6385281390624999 0.9399585921875 0.6352813859374999 0.9296066250000001 0.634740259375 0.9223602484375 0.6331168828125 0.917184265625 0.63095238125 0.9151138718749999 0.627705628125 0.9151138718749999 0.6233766234375 0.9089026921875 0.61850649375 0.9089026921875 0.6125541125 0.91614906875 0.6114718609375001 0.9130434781250001 0.609307359375 0.910973084375 0.6066017312499999 0.910973084375 0.6044372296875 0.9130434781250001 0.602813853125 0.9182194609375 0.6022727265625 0.9285714281249999 0.6038961031250001 0.9337474125 0.6038961031250001 0.944099378125 0.6022727265625 0.950310559375
1 0.4590151515625 0.717184265625 0.45957792187499996 0.7584989640625001 0.49189935 0.7528260875 0.490773809375 0.7139441 0.4590151515625 0.717184265625
3 0.8469480515625 0.0890683234375 0.8396645015624999 0.1030020703125 0.7682954546875 0.09603519687499999 0.7631980515625 0.08210144999999999 0.7406168828124999 0.07931677031249999 0.6925541125 0.08628364375 0.6641504328125001 0.1030020703125 0.624821428125 0.0932505171875 0.4908171 0.0779192546875 0.4879004328125 0.1030020703125 0.4500324671875 0.10439958593750001 0.4434794375 0.07653209062500001 0.37647727343750004 0.0709627328125 0.375746753125 0.0430952375 0.1528896109375 0.0207971015625 0.24101190468749997 0.9974741203124999 0.79888528125 0.9570600421875 0.884821428125 0.098819875 0.8469480515625 0.0890683234375
31 0.433793290625 0.083633540625 0.4461742421875 0.1101035203125 0.4891396109375 0.1115010359375 0.4935119046875 0.0975672875 0.62241883125 0.1101035203125 0.631888528125 0.1282194609375 0.6646590906250001 0.12682194687499998 0.6857792203125 0.1101035203125 0.733847403125 0.1059316765625 0.8824188312500001 0.118467909375 0.8853300859375001 0.09338509375000001 0.76807359375 0.0906004140625 0.760064934375 0.0822463765625 0.7003463203125 0.09199792968750001 0.6843235937500001 0.096180125 0.6304274890625 0.09338509375000001 0.4964231609375 0.07806418281250001 0.4352489171875 0.06552795 0.3777110390625 0.059948240625 0.3653300859375 0.047412007812500004 0.155584415625 0.01815735 0.1541287875 0.040445134375000004 0.36970238125 0.06273291875 0.3689718609375 0.07527950312500001 0.433793290625 0.083633540625
10 0.24448051875000001 0.0364906828125 0.23492965312499997 0.04815735 0.268874459375 0.050103520312500004 0.2682629875 0.0357142859375 0.24448051875000001 0.0364906828125
10 0.5612012984375 0.0929606625 0.5606168828125 0.103602484375 0.583739178125 0.106397515625 0.58198051875 0.0991200828125 0.5612012984375 0.0929606625
10 0.7066666671874999 0.09688405781250001 0.7092965375 0.10808488593750001 0.766369046875 0.1103209109375 0.759935065625 0.0845652171875 0.7066666671874999 0.09688405781250001
1 0.33522727343750003 0.15256728749999998 0.3354653671875 0.2079192546875 0.3586363640625 0.20701863281250002 0.3592207796875 0.15549689375 0.33522727343750003 0.15256728749999998
1 0.337510821875 0.26982401718750004 0.34021645 0.3175258796875 0.3636201296875 0.320476190625 0.36197510781250003 0.26599378906250004 0.337510821875 0.26982401718750004
1 0.2624675328125 0.262846790625 0.2672889609375 0.315279503125 0.28740259687499997 0.31865424375 0.287992425 0.2615217390625 0.2624675328125 0.262846790625
1 0.26705627656250003 0.37020703906249997 0.27399350624999996 0.42350931718749996 0.2939880953125 0.42149068281249996 0.2908116890625 0.37108695625 0.26705627656250003 0.37020703906249997
1 0.30504870156249997 0.9118115937500001 0.30877705624999996 0.953933746875 0.3285930734375 0.9429192546875 0.32673160156250003 0.9088923390625 0.30504870156249997 0.9118115937500001
1 0.36839826875 0.9098654249999999 0.37144480468749996 0.9464803312500001 0.3871969703125 0.9380641828125 0.3873701296875 0.9056521734375 0.36839826875 0.9098654249999999
1 0.36314935 0.8204347828125 0.366536796875 0.8641821953125 0.3866883109375 0.8609420296874999 0.3848268390625 0.8259420296875 0.36314935 0.8204347828125
1 0.4019372296875 0.8233540375 0.407186146875 0.8609420296874999 0.44055194843749995 0.8606211187499999 0.43818181875000006 0.8233540375 0.4019372296875 0.8233540375
1 0.40684523749999996 0.9024120078125 0.408712121875 0.934492753125 0.44478896093750003 0.9328778468750001 0.439875540625 0.897877846875 0.40684523749999996 0.9024120078125
1 0.460557359375 0.7919151140625 0.46114177500000003 0.832184265625 0.491958875 0.826335403125 0.491726190625 0.7914596265625 0.460557359375 0.7919151140625
1 0.4617316015625 0.8621118015624999 0.4626731609375 0.8965424437499999 0.4916071421875 0.8913664593749999 0.4916071421875 0.8576190468749999 0.4617316015625 0.8621118015624999
1 0.5085660171875 0.7877846796875 0.5101948046875 0.816956521875 0.5280790046875 0.8192857140625 0.527267315625 0.7842857140625 0.5085660171875 0.7877846796875
1 0.50795995625 0.7162422359375 0.5089718609375 0.7403519671875001 0.5242153671875001 0.7454037265625 0.52625 0.7115838515624999 0.50795995625 0.7162422359375
1 0.5089718609375 0.8569979296874999 0.5087716453125 0.8873291921875 0.5252326843749999 0.885776396875 0.5229978359375 0.8538923390625 0.5089718609375 0.8569979296874999
1 0.38043831093749997 0.15154244375 0.3794209953125 0.1989855078125 0.42312229375 0.21608695625 0.4223051953125 0.156987578125 0.38043831093749997 0.15154244375
1 0.6036093078125 0.7098240171875 0.6044859312499999 0.7450931671875 0.63170995625 0.735579709375 0.6325865796875 0.704782609375 0.6036093078125 0.7098240171875
1 0.5696374453125 0.780610765625 0.5706493499999999 0.811397515625 0.585557359375 0.813022775 0.5872510828124999 0.7754347828125 0.5696374453125 0.780610765625
1 0.5694642859375 0.84542443125 0.567435065625 0.87522774375 0.5830140687500001 0.87522774375 0.58454004375 0.84930641875 0.5694642859375 0.84542443125
1 0.600800865625 0.84542443125 0.5999512984375001 0.8774948234375 0.62654761875 0.8742546578124999 0.6289177484375 0.84542443125 0.600800865625 0.84542443125
1 0.601645021875 0.7793167703125 0.6031709953125 0.8169047624999999 0.6323051953125 0.8097826093749999 0.6309469703125 0.7777018640625 0.601645021875 0.7793167703125
1 0.6697673156249999 0.5615217390625 0.6690367968750001 0.6025776390625001 0.7029383109375 0.597453415625 0.7029383109375 0.55312629375 0.6697673156249999 0.5615217390625
1 0.7224512984375 0.56385093125 0.7222077921875 0.5960455484375 0.7402543296874999 0.5993167703125 0.7383062765624999 0.5629192546875 0.7224512984375 0.56385093125
1 0.778300865625 0.5540579703125 0.7758658015625 0.58578675 0.7868398265625001 0.5909213249999999 0.7929383109375 0.5591925468750001 0.778300865625 0.5540579703125
1 0.769767315625 0.6366459625 0.76513528125 0.666035196875 0.7819642859375 0.6716356109375 0.78513528125 0.6343064187499999 0.769767315625 0.6366459625
1 0.7183062765625 0.6417805390625 0.7170833328125 0.6767701859375 0.7312283546875 0.6725672874999999 0.7329383109375 0.6417805390625 0.7183062765625 0.6417805390625
1 0.7122077921875001 0.718302278125 0.709280303125 0.7472256734375 0.7226948046875 0.75003105625 0.7263528140625 0.7159627328125 0.7122077921875001 0.718302278125
1 0.699442640625 0.8660662531250001 0.6985984843749999 0.8936128359375 0.7118668828125 0.8949585921875001 0.7141233765624999 0.8668840578125 0.699442640625 0.8660662531250001
1 0.7621482687500001 0.7114389234375 0.7594372296875 0.7363871640624999 0.7718019484374999 0.73930641875 0.774172078125 0.7143478265625001 0.7621482687500001 0.7114389234375
1 0.656888528125 0.7940890265625 0.6575757578125 0.8203416156250001 0.6826677484375 0.8235300203125 0.6857034625 0.7935300203125 0.656888528125 0.7940890265625
1 0.6529653671875 0.8724741203124999 0.6522781390625 0.8987267078125001 0.681098484375 0.8983540375000001 0.6809036796875 0.8664699796875001 0.6529653671875 0.8724741203124999
1 0.620205628125 0.2121739125 0.6193290046875 0.2580848859375 0.6518127703125 0.249689440625 0.6564989171875 0.2093685296875 0.620205628125 0.2121739125
1 0.5853787875 0.1970496890625 0.5862554109375 0.24296066249999998 0.60176406875 0.2407246375 0.6064502171874999 0.19089026874999998 0.5853787875 0.1970496890625
1 0.621958875 0.3000724640625 0.617570346875 0.34822981406250003 0.647132034375 0.3426294 0.6500595234375 0.29560041406250004 0.621958875 0.3000724640625
1 0.7038311687500001 0.7892650109375 0.702646103125 0.8213457562500001 0.719074675 0.8210248453125001 0.7197510828125 0.7844099375 0.7038311687500001 0.7892650109375
1 0.5098268390625 0.9296687374999999 0.5094209953125 0.9378364390625 0.526293290625 0.9339544515625 0.5226298703125 0.9281159421874999 0.5098268390625 0.9296687374999999
1 0.5675487015625 0.9145134578125 0.5671428578125 0.931231884375 0.5829978359375 0.9273395437499999 0.582186146875 0.9145134578125 0.5675487015625 0.9145134578125
1 0.6537283546875 0.9475569359374999 0.651293290625 0.9607763968749999 0.6752759734375 0.9541718421875001 0.6779166671875 0.9390062109375 0.6537283546875 0.9475569359374999
1 0.6933658015625 0.9382298140625001 0.695395021875 0.9471739124999999 0.711455628125 0.9444513453125 0.7067803031250001 0.9351138718750001 0.6933658015625 0.9382298140625001
1 0.41003246718749997 0.97437888125 0.4102002171875 0.9941511390625 0.4427218609375 0.9860455484375 0.442380953125 0.96207039375 0.41003246718749997 0.97437888125
1 0.7421861468750001 0.9333333328125001 0.7423863640625 0.9457763968749999 0.7533658015625 0.9368322984375 0.7537716453125001 0.9317701859374999 0.7421861468750001 0.9333333328125001
6 0.33301948124999997 0.32843685312500004 0.324929653125 0.349720496875 0.3335227265625 0.3584265015625 0.3406060609375 0.369078675 0.3401028140625 0.389389234375 0.33909090937499997 0.41358178125 0.3385822515625 0.4155175984375 0.3360551953125 0.424223603125 0.32795995625 0.4261594203125 0.3218939390625 0.42228778437500003 0.30722402656250003 0.41067287812500003 0.3041937234375 0.419389234375 0.29963744531250003 0.42905797031250004 0.297619046875 0.4339026921875 0.289523809375 0.4339026921875 0.27435065000000003 0.4280952375 0.2692965375 0.4280952375 0.26322510781249997 0.438737059375 0.255638528125 0.461956521875 0.25260281406249996 0.4764699796875 0.2510876625 0.5006625265625 0.2505790046875 0.5083954453125 0.24704004375 0.513240165625 0.23540584375 0.513240165625 0.2273160171875 0.5113043484375 0.21568181874999998 0.516138715625 0.21517857187499997 0.51710145 0.22428030312499997 0.5432298140625 0.2273160171875 0.5567805390625 0.22883116874999998 0.5654865421874999 0.23237554062500002 0.577091096875 0.23742965312500003 0.579026915625 0.24248917812499998 0.5819358171875 0.24754870156250003 0.600310559375 0.2455248921875 0.6148240171875 0.2435010828125 0.6245031062499999 0.242992425 0.6390165624999999 0.2440043296875 0.64385093125 0.2500757578125 0.665134575 0.25209956718750004 0.6709420296874999 0.25715367968749997 0.68351966875 0.2637283546875 0.6931987578125 0.2657521640625 0.7019047625 0.2677759734375 0.728995859375 0.27435065000000003 0.7570600421875 0.2753625546875 0.766728778125 0.2824458875 0.7734989640625 0.2930627703125 0.7860766046875 0.31481060625 0.7947929609375 0.3269480515625 0.789948240625 0.3380790046875 0.793819875 0.3380790046875 0.8054347828124999 0.35274350625 0.8063975156250001 0.36083874531250004 0.8005900625000001 0.363869046875 0.7996273296874999 0.3744913421875 0.7918840578124999 0.3765151515625 0.7870496890625 0.3916883109375 0.7841511390625 0.4063528140625 0.77930641875 0.42051406875 0.7870496890625 0.4286093078125 0.7822153203125 0.434172078125 0.7802795031249999 0.440746753125 0.7706004140625 0.44378246718750003 0.7464078671875 0.447321428125 0.733830228125 0.4503571421875 0.7154554859375 0.452375540625 0.702877846875 0.457435065625 0.6873913046875 0.46148268437500006 0.6786852999999999 0.4776677484375 0.6786852999999999 0.4898051953125 0.6786852999999999 0.492840909375 0.672877846875 0.491320346875 0.6428881984375 0.48626623437500005 0.6322463765624999 0.48170995625 0.616759834375 0.4948593078125 0.6080538296875 0.499415584375 0.609026915625 0.5034577921875 0.6245031062499999 0.5100324671875 0.64095238125 0.511044371875 0.6603002078125 0.51306818125 0.668043478125 0.516103896875 0.6854554859374999 0.5196428578125001 0.7057763968749999 0.5262175328125 0.710610765625 0.5257142859374999 0.7251242234374999 0.5272294375000001 0.747380953125 0.5282413421875 0.7570600421875 0.535324675 0.7822153203125 0.5388636359375 0.7947929609375 0.5413906921875 0.801563146875 0.5459415578125 0.8151035203125 0.5484740265625 0.8257453421875001 0.5327922078125 0.796728778125 0.5287499999999999 0.81220496875 0.5307683984375 0.8209109734375 0.5343127703125 0.8238198750000001 0.5373430734375 0.8267184265624999 0.5484740265625 0.8412318843750001 0.552516234375 0.8480020703125 0.559090909375 0.8547722562500001 0.5636471859375 0.8528364390625001 0.5636471859375 0.8412318843750001 0.5636471859375 0.8344616984375 0.5641504328125 0.8296169765625001 0.5641504328125 0.8102691515625 0.565665584375 0.79575569375 0.565665584375 0.7870496890625 0.5666774890624999 0.7802795031249999 0.56920995625 0.7773706 0.5727489171875 0.7773706 0.5783116890625 0.7715631468749999 0.5798268390625 0.7715631468749999 0.5828625546875 0.7677018640625 0.5828625546875 0.760921325 0.5858982687500001 0.7570600421875 0.587922078125 0.7570600421875 0.5899458875 0.75608695625 0.5955086578125 0.75608695625 0.597023809375 0.7531884062499999 0.599550865625 0.7454451343749999 0.599550865625 0.7386749484374999 0.599550865625 0.724161490625 0.601574675 0.7154554859375 0.601574675 0.69996894375 0.607646103125 0.6719151140624999 0.62231060625 0.6719151140624999 0.6329329 0.668043478125 0.6384956703125 0.66707039375 0.6374837656250001 0.6883643890625 0.63698051875 0.7019047625 0.6364718609375 0.7202898546875 0.6359686140624999 0.7348033125 0.6364718609375 0.7386749484374999 0.6440584421875 0.7309316765625 0.6481060609375 0.7260973078124999 0.653165584375 0.7260973078124999 0.6561958875 0.7270600421875 0.659740259375 0.724161490625 0.6627705625 0.7589855078125 0.6627705625 0.761894409375 0.67187770625 0.766728778125 0.678955628125 0.7657660453124999 0.6840151515625 0.760921325 0.6885660171875 0.7541511390625 0.689577921875 0.7357660453125 0.6941287875000001 0.7260973078124999 0.7007034625 0.7222256734375 0.70323593125 0.7115838515624999 0.7042478359375 0.69707039375 0.7057629875 0.68062111875 0.7052543296875 0.656428571875 0.70323593125 0.6448240171874999 0.7027272734375 0.6370807453125 0.6658062765625 0.635144928125 0.668841990625 0.56161490625 0.70829004375 0.54710145 0.7219480515625001 0.5374223609375 0.7305465375 0.5248447203125 0.73964826875 0.520973084375 0.742175325 0.5190372671875 0.74622294375 0.5074327125 0.7472348484375 0.48130434843750003 0.7477380953125 0.47259834375 0.766958875 0.461956521875 0.7765692640624999 0.461956521875 0.7856709953125 0.46292960625 0.7978084421875 0.4600207046875 0.8033712124999999 0.457122153125 0.80741883125 0.4522774328125 0.81146645 0.435838509375 0.81551406875 0.4232608703125 0.8220887453125 0.41454451406250004 0.8291666671875 0.396169771875 0.82562770625 0.3932608703125 0.8200649343749999 0.369078675 0.8175324671875 0.366169771875 0.8170292203124999 0.3429503109375 0.8170292203124999 0.3303726703125 0.8200649343749999 0.3110248453125 0.8175324671875 0.2868322984375 0.8215800859375 0.253933746875 0.8210768390625001 0.22587991718749997 0.825119046875 0.197815734375 0.8246158015624999 0.1852380953125 0.7937662343749999 0.1620186328125 0.7790963203125 0.1300931671875 0.7659469703124999 0.1300931671875 0.7659469703124999 0.1291200828125 0.7608874453125 0.11170807499999999 0.7512824671875 0.11170807499999999 0.7290259734375 0.1242857140625 0.7057629875 0.120414078125 0.7052543296875 0.1349275359375 0.6956493499999999 0.1542857140625 0.6921049781249999 0.168799171875 0.6845183984375 0.1707246375 0.67845238125 0.1755693578125 0.6678300859374999 0.1881469984375 0.6617640687499999 0.2142650109375 0.6561958875 0.24620082812500002 0.6567045453125 0.31005175937499996 0.6561958875 0.3265010359375 0.6511417749999999 0.35165631406250003 0.63040584375 0.3535921328125 0.6212987015625 0.35746376875 0.611185065625 0.34778467968750004 0.612705628125 0.339078675 0.6157359312499999 0.3352070390625 0.61068181875 0.3303726703125 0.6096699140624999 0.3226294 0.606130953125 0.2984472046875 0.601071428125 0.293602484375 0.5899458875 0.2878053828125 0.588425325 0.2878053828125 0.5858982687500001 0.2607142859375 0.5858982687500001 0.24716356093749997 0.5853896109375001 0.24232919218750001 0.5828625546875 0.23265010312499998 0.5808387453125 0.20653209062500003 0.58185065 0.183302278125 0.5828625546875 0.1610559 0.5823593078125 0.133964803125 0.5793235937500001 0.11557970937499999 0.5772997828124999 0.10880952343750001 0.5727489171875 0.105900621875 0.5606114718749999 0.1136438921875 0.5626352812500001 0.1320289859375 0.5606114718749999 0.1581469984375 0.5570725109375 0.1862111796875 0.554036796875 0.19685300156250002 0.5459415578125 0.18910973125 0.5408874453125 0.176532090625 0.5252056281249999 0.17169772187500001 0.522175325 0.168799171875 0.51812770625 0.157184265625 0.5070021640625 0.1378364390625 0.5070021640625 0.1310559 0.4958712125 0.1184782609375 0.49182900468749996 0.1146169765625 0.47918289999999997 0.11751552812499999 0.47058441562500003 0.11654244375 0.45389610312500006 0.105900621875 0.439226190625 0.105900621875 0.43821969687499995 0.12332298125 0.4377110390625 0.14460662500000002 0.43669913437499996 0.15331262968749998 0.43214826874999995 0.16008281562499999 0.42810065 0.16008281562499999 0.42456168906249997 0.1745962734375 0.42456168906249997 0.190082815625 0.4235497828125 0.2181366453125 0.41343614687499997 0.22200828125 0.405340909375 0.22007246406249997 0.398766234375 0.21523809531250002 0.3927002171875 0.21523809531250002 0.3876406921875 0.21523809531250002 0.3833586296875 0.21523809531250002 0.38056277031249997 0.22684264999999998 0.3765151515625 0.22781573437499997 0.37603085625 0.226887271875 0.3598268390625 0.253933746875 0.3633658015625 0.2965113875 0.3653896109375 0.3265010359375 0.345665584375 0.3255383015625 0.33301948124999997 0.32843685312500004
6 0.2399783546875 0.054409937500000005 0.24963203437499998 0.10485507187500001 0.266347403125 0.09207039375 0.266347403125 0.0522774328125 0.2399783546875 0.054409937500000005
6 0.374063853125 0.1823084890625 0.364036796875 0.1361283640625 0.355124459375 0.11623188437500001 0.3458387453125 0.1432298140625 0.36143939375 0.156728778125 0.361807359375 0.18444099375 0.374063853125 0.1823084890625
6 0.42161255468750003 0.14251552812499999 0.4268127703125 0.161708075 0.4383225109375 0.1432298140625 0.43869588750000005 0.08993788750000001 0.42161255468750003 0.14251552812499999
6 0.48755411249999997 0.6469979296874999 0.49188311718750005 0.6480331265625 0.49404761875 0.6459627328125 0.49567099531250003 0.64078675 0.49567099531250003 0.63457556875 0.49837662343750005 0.63457556875 0.499458875 0.63871635625 0.5010822515625 0.64078675 0.5048701296875 0.6552795031249999 0.5070346328124999 0.657349896875 0.509740259375 0.657349896875 0.5119047625 0.6552795031249999 0.5135281390624999 0.6501035203125001 0.5135281390624999 0.6438923390625 0.5108225109375 0.6335403734375 0.509199134375 0.6314699796875 0.5075757578125 0.624223603125 0.503787878125 0.620082815625 0.503787878125 0.6118012421875 0.502705628125 0.60766045625 0.5 0.604554865625 0.497294371875 0.604554865625 0.49458874531249997 0.60766045625 0.49350649375 0.6118012421875 0.49350649375 0.620082815625 0.49512987031250005 0.6252587984375 0.49350649375 0.6283643890625 0.49134199062499995 0.6262939953125 0.48755411249999997 0.6262939953125 0.48484848437499994 0.6293995859375 0.483766234375 0.6335403734375 0.483766234375 0.639751553125 0.48484848437499994 0.6438923390625 0.48755411249999997 0.6469979296874999
6 0.291209634375 0.08283671875000001 0.2914180421875 0.088019696875 0.2890625 0.088638715625 0.2526041671875 0.445522775 0.25465367968749997 0.447619046875 0.2520833328125 0.45062111875 0.253246753125 0.45238095312500004 0.2515625 0.45571946093750004 0.2521645015625 0.4585921328125 0.2510416671875 0.46081780468750005 0.2510822515625 0.46480331250000007 0.25052083281250004 0.46591614843749996 0.24729437187499997 0.4875776390625 0.24729437187499997 0.5 0.24891774843749997 0.5051759828125 0.2510822515625 0.5072463765624999 0.253787878125 0.5072463765624999 0.25595238125 0.5051759828125 0.25757575781250003 0.5 0.2629870125 0.46273291875 0.271103896875 0.434782609375 0.271103896875 0.42339544531250006 0.3045476484375 0.41454731093749997 0.3201781328125 0.8032706609375 0.32162680625 0.8020929421874999 0.3328404265625 0.32828034375000004 0.3365800859375 0.32815735 0.3387445890625 0.32608695625 0.340367965625 0.3209109734375 0.340367965625 0.313664596875 0.33928571406249997 0.309523809375 0.33766233749999996 0.307453415625 0.33766233749999996 0.30434782656250003 0.33928571406249997 0.3022774328125 0.340367965625 0.2981366453125 0.3398268390625 0.2805383015625 0.3419913421875 0.27536231875 0.3419913421875 0.2691511390625 0.340367965625 0.2639751546875 0.3382034625 0.2619047625 0.3354978359375 0.2619047625 0.333005809375 0.23643347499999998 0.3582251078125 0.23188405781250002 0.359848484375 0.2370600421875 0.365259740625 0.24223602500000002 0.36850649375 0.24223602500000002 0.372294371875 0.2380952375 0.3733766234375 0.2339544515625 0.3733766234375 0.22774327187500001 0.49134199062499995 0.12111801250000001 0.4924242421875 0.1252587984375 0.49891774843750003 0.13457556875 0.5021645015625 0.14078675000000002 0.5081168828125 0.157349896875 0.5124458875 0.1625258796875 0.516233765625 0.170807453125 0.5227272734375 0.17701863281250002 0.5248917750000001 0.17701863281250002 0.5303030296875 0.1832298140625 0.5357142859375 0.1842650109375 0.5422077921875 0.19151138750000002 0.5449134203125 0.19151138750000002 0.547619046875 0.188405796875 0.5487012984375 0.1842650109375 0.5487012984375 0.1780538296875 0.5800865796875 0.155279503125 0.5827922078125 0.1625258796875 0.5835497828125 0.1776397515625 0.584956709375 0.1790890265625 0.5838961031250001 0.18277432656249998 0.5892857140625 0.254658384375 0.5860389609375 0.257763975 0.584956709375 0.2619047625 0.584956709375 0.2691511390625 0.5865800859375 0.27432712187499997 0.5909090906250001 0.278467909375 0.5925324671875 0.2836438921875 0.5952380953125 0.2867494828125 0.5979437234375 0.2867494828125 0.6001082249999999 0.2846790890625 0.6017316015625 0.27950310625 0.6049783546875 0.28416149062499996 0.60551948125 0.291925465625 0.6066017312499999 0.29503105625 0.608766234375 0.29710145 0.6114718609375001 0.29710145 0.6136363640625 0.29503105625 0.615259740625 0.28985507187500004 0.615259740625 0.278467909375 0.6141774890625 0.27432712187499997 0.6114718609375001 0.2712215328125 0.608766234375 0.2712215328125 0.60606060625 0.27432712187499997 0.6045725109375 0.2714433609375 0.6035095859374999 0.2716651875 0.603625540625 0.2664892046875 0.58752705625 0.182268559375 0.5919913421875 0.1790890265625 0.5952380953125 0.17391304375 0.6038961031250001 0.17391304375 0.6082251078125 0.16977225625 0.6103896109375 0.1656314703125 0.6482683984375 0.1966873703125 0.6498917750000001 0.2018633546875 0.6520562765625 0.203933746875 0.6601731609375 0.203933746875 0.66937229375 0.19461697656250002 0.6720779218749999 0.19461697656250002 0.6883116890625 0.1811594203125 0.690476190625 0.1811594203125 0.6926406921875 0.1790890265625 0.6964285718750001 0.170807453125 0.6980519484375 0.16977225625 0.694276653125 0.160551784375 0.699562065625 0.15751841718749998 0.700757575 0.1614906828125 0.702204771875 0.15600173281250002 0.703463203125 0.1563147 0.704847478125 0.15448504999999998 0.7061688312500001 0.151138715625 0.707490184375 0.1529683671875 0.7619047625 0.13146997968750002 0.7626004953125001 0.136498078125 0.7640692640625 0.137681159375 0.763296228125 0.1415261765625 0.7646103890625 0.145509834375 0.7639919609375 0.146554275 0.765286796875 0.15057259375 0.76468769375 0.151582371875 0.765963203125 0.1556353515625 0.7653834265625 0.1566104703125 0.7666396109375 0.1606981109375 0.766079159375 0.16163856875 0.7673160171875 0.1657608703125 0.7667748921875 0.1666666671875 0.767992425 0.17082362812500002 0.767470625 0.171694765625 0.7686688312500001 0.17588638750000002 0.7681663578125 0.17672286406249998 0.7693452375 0.1809491453125 0.768862090625 0.1817509609375 0.7700216453125 0.1860119046875 0.7695578234375 0.186779059375 0.7799822203125 0.2622601484375 0.7818700390625 0.26156913125000003 0.7816953015625 0.2668239671875 0.7806771796875001 0.267292221875 0.788432796875 0.32241909375 0.7881643828125 0.3227830734375 0.7891240203125001 0.3274531234375 0.7887806640624999 0.3278841734375 0.78981524375 0.33248715156249997 0.7893969453125 0.33298527187500004 0.7905064671875001 0.33752118124999997 0.7900132265625001 0.338086371875 0.791197690625 0.342555209375 0.790629509375 0.3431874703125 0.7918889140625 0.3475892390625 0.791245790625 0.3482885703125 0.7925801375 0.35262326875 0.7918620734374999 0.3533896703125 0.7932713609375 0.357657296875 0.7924783546875 0.35849076874999997 0.793962584375 0.36269132656249997 0.7930946375000001 0.36359186875 0.7946538078125001 0.3677253546875 0.79371091875 0.3686929671875 0.79534503125 0.372759384375 0.7943272 0.3737940671875 0.7960362546875001 0.3777934140625 0.7949434828124999 0.3788951671875 0.7955597640625001 0.3839962671875 0.796727478125 0.38282744375 0.797418703125 0.38786147187500003 0.7961760453125 0.3890973671875 0.796792328125 0.394198465625 0.7981099265625 0.3928955015625 0.79880115 0.3979295296875 0.797408609375 0.399299565625 0.7980248921875 0.40440066406249997 0.7994923734375 0.402963559375 0.800183596875 0.4079975875 0.7986411734375001 0.40950176406249994 0.79925745625 0.4146028640625 0.8008748203125 0.41303161718750003 0.80156604375 0.41806564531249996 0.7998737375 0.4197039625 0.8022572671875 0.423099675 0.80049001875 0.42480506250000005 0.8029529999999999 0.4281277734375 0.8011063015625 0.4299061609375 0.8036487328125 0.4331558703125 0.8017225828125 0.43500726093750003 0.8043444640624999 0.43818396875000004 0.8023388640625001 0.4401083609375 0.8050401984375 0.44321206718750006 0.802955146875 0.445209459375 0.8046536796874999 0.4492753625 0.7959956703125 0.4585921328125 0.7927489171875 0.4699792953125 0.7905844156249999 0.467908903125 0.7878787875000001 0.467908903125 0.7857142859375 0.4699792953125 0.7840909093749999 0.4751552796875 0.7840909093749999 0.51759834375 0.7851731609375 0.5217391296875 0.7878787875000001 0.5248447203125 0.7927489171875 0.5248447203125 0.800324675 0.514492753125 0.8014069265625 0.5103519671875001 0.802489178125 0.48447205000000004 0.8046536796874999 0.47308488593750003 0.8111471859374999 0.467908903125 0.8122294374999999 0.46376811562500003 0.8122294374999999 0.4554865421875 0.8425324671875 0.4409937890625 0.8446969703124999 0.450310559375 0.8495671 0.4554865421875 0.8549783546875 0.45652173906250004 0.8571428578125 0.4544513453125 0.859307359375 0.448240165625 0.859848484375 0.40890269218749997 0.8470933828125 0.3970718734375 0.8466416390625 0.3938276390625 0.8484679390625001 0.37286490625 0.85064935 0.37163561093749997 0.859848484375 0.3695652171875 0.8587662343750001 0.3198757765625 0.8603896109375 0.3126294 0.8636363640625 0.307453415625 0.8647186140625 0.3033126296875 0.8647186140625 0.29710145 0.8636363640625 0.29296066249999997 0.8609307359375 0.28985507187500004 0.8566017312499999 0.29089026875 0.8557731328125 0.289013975 0.8565904578125 0.28377329218749997 0.8540764781249999 0.28226362968749996 0.85533910625 0.2772601796875 0.8574077828125001 0.278532609375 0.8571428578125 0.273291925 0.8620129875 0.2712215328125 0.865800865625 0.2650103515625 0.8674242421875 0.258799171875 0.8695887453125 0.2329192546875 0.8706709953124999 0.2287784671875 0.8728354984375001 0.225672878125 0.875541125 0.21221532031249998 0.875541125 0.1966873703125 0.874458875 0.192546584375 0.8728354984375001 0.190476190625 0.875 0.17391304375 0.8766233765625 0.15010352031250002 0.8766233765625 0.1438923390625 0.875 0.13871635625 0.8728354984375001 0.1366459625 0.8695887453125 0.1366459625 0.8679653671875001 0.13457556875 0.8652597406250001 0.13457556875 0.8625541125 0.137681159375 0.8614718609375001 0.141821946875 0.8614718609375001 0.174948240625 0.8576839828124999 0.19151138750000002 0.85551948125 0.1966873703125 0.853354978125 0.211180125 0.8511904765624999 0.2142857140625 0.8501082249999999 0.2184265015625 0.8490259734375 0.22360248437500002 0.8490259734375 0.23188405781250002 0.8474025968750001 0.2370600421875 0.787423103125 0.1546801796875 0.7853648093750001 0.15647240625 0.785201640625 0.15162907187500002 0.785539546875 0.15121756875 0.7857142859375 0.1459627328125 0.7878787875000001 0.1459627328125 0.7905844156249999 0.1428571421875 0.7916666671875 0.13871635625 0.7916666671875 0.1325051765625 0.7889610390625 0.12111801250000001 0.7851731609375 0.116977225 0.78192640625 0.1159420296875 0.7803030296875 0.11180124218750001 0.7781385281250001 0.1097308484375 0.7683982687500001 0.1097308484375 0.765692640625 0.1128364390625 0.7619047625 0.1252587984375 0.76034430625 0.1226346953125 0.710132890625 0.15145168281250002 0.709009740625 0.1480331265625 0.7175324671875 0.13871635625 0.7240259734375 0.12629399531250002 0.7288961031250001 0.12111801250000001 0.7316017312499999 0.12111801250000001 0.7359307359375 0.11801242187500001 0.7375541125 0.1128364390625 0.7375541125 0.106625259375 0.7359307359375 0.101449275 0.733766234375 0.09937888125 0.73051948125 0.09937888125 0.7224025968750001 0.10351966875 0.7137445890625 0.1149068328125 0.7104978359375 0.11180124218750001 0.7077922078125 0.11180124218750001 0.70562770625 0.11387163593750001 0.7040043296875 0.11904761875 0.7012987015625 0.12318840625000001 0.6996753250000001 0.12318840625000001 0.6953463203125 0.116977225 0.691017315625 0.116977225 0.6883116890625 0.120082815625 0.6850649343749999 0.13146997968750002 0.6818181812499999 0.1366459625 0.6796536796875 0.1459627328125 0.674242425 0.15424430625000002 0.6731601734375 0.15838509375 0.6731350046875 0.1726852515625 0.6700937953125 0.17253278125 0.6704922984375 0.1742019359375 0.6678495921875001 0.17571861875 0.6670274171874999 0.174258109375 0.6652068859375 0.1772353015625 0.6639610390625 0.1759834375 0.6625641796874999 0.1787519859375 0.6599214734375 0.1802686703125 0.6580086578125 0.1832298140625 0.6572787671875 0.181785353125 0.6550324671875 0.1832298140625 0.6520562765625 0.1832298140625 0.65199335625 0.1848187203125 0.6493506499999999 0.18633540312500002 0.6482683984375 0.190476190625 0.6468769328125 0.1841910671875 0.6147186140625001 0.1563147 0.6120129875 0.15838509375 0.6120129875 0.1526915109375 0.60977118125 0.152026028125 0.6120129875 0.1469979296875 0.6103896109375 0.14078675000000002 0.60606060625 0.13561076562500002 0.6001082249999999 0.13561076562500002 0.5979437234375 0.12318840625000001 0.5936147187499999 0.11801242187500001 0.5903679656249999 0.11801242187500001 0.5887445890625 0.120082815625 0.583874459375 0.11904761875 0.58170995625 0.12111801250000001 0.582560296875 0.1284383328125 0.5804329 0.131428571875 0.5800865796875 0.12629399531250002 0.5061214828125 0.11319228750000002 0.5051406921875 0.11801242187500001 0.5033820343750001 0.11270703906249999 0.502570346875 0.11387163593750001 0.5006425859375 0.112221790625 0.5 0.1097308484375 0.4979031390625 0.1117365421875 0.49783549843749997 0.10766045625000001 0.495163690625 0.11125129375000001 0.49512987031250005 0.10766045625000001 0.4924242421875 0.1107660453125 0.49134199062499995 0.1149068328125 0.48991260312499996 0.11285597031250001 0.3668422765625 0.2152623140625 0.36580086562499997 0.2184265015625 0.3643306375 0.217352240625 0.3620129875 0.2184265015625 0.3618189984375 0.219442165625 0.35930735937499997 0.221532090625 0.3263542015625 0.144370121875 0.3240345171875 0.1447368421875 0.324619825 0.14030896718750002 0.3235361125 0.139642584375 0.3228854484375 0.1362478109375 0.3230377078125 0.1345483265625 0.3211510703125 0.1321866546875 0.322539303125 0.1294540703125 0.31805365625 0.083605753125 0.31818181874999996 0.07971014531250001 0.3203463203125 0.0817805390625 0.3235930734375 0.0817805390625 0.32629870156249996 0.0786749484375 0.3322510828125 0.0807453421875 0.334956709375 0.0776397515625 0.33603896093749996 0.0734989640625 0.33603896093749996 0.067287784375 0.334956709375 0.0631469984375 0.3322510828125 0.0600414078125 0.32954545468749996 0.0600414078125 0.3268398265625 0.0631469984375 0.3203463203125 0.0610766046875 0.31818181874999996 0.0631469984375 0.3165584421875 0.06832298125 0.3111471859375 0.067287784375 0.310064934375 0.0569358171875 0.3073593078125 0.053830228125000004 0.3046536796875 0.053830228125000004 0.302489178125 0.055900621875 0.30032467500000004 0.0631469984375 0.297619046875 0.0600414078125 0.29437229375 0.0600414078125 0.2916666671875 0.0631469984375 0.29058441562500004 0.067287784375 0.2911458328125 0.0682453421875 0.29058441562500004 0.0734989640625 0.291001228125 0.077653740625 0.2901041671875 0.0784420296875 0.28958333281250004 0.08354037343750001 0.291209634375 0.08283671875000001
