1 0.6546875 0.6234375 0.02578125 0.0453125
1 0.37421875 0.684375 0.021875 0.0390625
1 0.67578125 0.7 0.0234375 0.0421875
1 0.378125 0.7484375 0.021875 0.0375
1 0.596875 0.696875 0.021875 0.0390625
1 0.51953125 0.7578125 0.02109375 0.0375
1 0.646875 0.6984375 0.0234375 0.04140625
1 0.49140625 0.6953125 0.02109375 0.040625
1 0.5671875 0.696875 0.021875 0.0421875
1 0.5203125 0.6921875 0.021875 0.0359375
1 0.49375 0.75625 0.0203125 0.0359375
1 0.41953125 0.68671875 0.021875 0.03828125
3 0.61640625 0.6390625 0.6984375 0.47109375
