6 0.53567640625 0.4414596265625 0.53660173125 0.5549275359375 0.612597403125 0.5478364390625 0.6144534625 0.45919254687500005 0.53567640625 0.4414596265625
1 0.6088906921875 0.60457556875 0.612597403125 0.5478364390625 0.5393831171875 0.60457556875 0.6088906921875 0.60457556875
1 0.5523593078125 0.647122153125 0.5514069265625 0.698550725 0.609821428125 0.6896790890625 0.609821428125 0.64358178125 0.5523593078125 0.647122153125
1 0.44299783593750003 0.7676915109375 0.44299783593750003 0.8084679093749999 0.523625540625 0.8066977218750001 0.523625540625 0.7623706 0.44299783593750003 0.7676915109375
1 0.69323051875 0.6276294 0.69323051875 0.6542236031249999 0.742348484375 0.6613146999999999 0.7395671 0.6258488609375 0.69323051875 0.6276294
1 0.6264989171875001 0.36167701874999997 0.6264989171875001 0.40954451406250003 0.689523809375 0.414865425 0.6923051953125 0.372318840625 0.6264989171875001 0.36167701874999997
1 0.7024945890625001 0.3705383015625 0.7024945890625001 0.4184161484375 0.75439935 0.4184161484375 0.755324675 0.381180125 0.7024945890625001 0.3705383015625
1 0.7043506500000001 0.281894409375 0.7043506500000001 0.3262215328125 0.7284469703124999 0.3421739125 0.7284469703124999 0.2854347828125 0.7043506500000001 0.281894409375
1 0.53660173125 0.39891304375000003 0.6264989171875001 0.40954451406250003 0.53567640625 0.351035196875 0.53660173125 0.39891304375000003
1 0.53752705625 0.23934782656250003 0.53752705625 0.297846790625 0.6190854984375 0.3120393375 0.620010821875 0.2553002078125 0.53752705625 0.23934782656250003
1 0.7367857140625 0.7428674953125001 0.7414231609375 0.7003209109374999 0.6885930734375 0.74463768125 0.7367857140625 0.7428674953125001
1 0.6830357140625 0.8102380953124999 0.7284469703124999 0.8031469984375 0.72937229375 0.7676915109375 0.6830357140625 0.7730124218750001 0.6830357140625 0.8102380953124999
1 0.5384577921875 0.77832298125 0.5959145015625 0.7765527953125 0.5959145015625 0.7304554859375 0.541239178125 0.7393271218749999 0.5384577921875 0.77832298125
1 0.6135281390625 0.7269151140625 0.6135281390625 0.7570496890625 0.67839826875 0.7552795031249999 0.6793290046875 0.7198240171875 0.6135281390625 0.7269151140625
1 0.69323051875 0.5389751546875 0.6923051953125 0.58684265 0.7395671 0.5850724640625 0.7442045453125 0.546066253125 0.69323051875 0.5389751546875
26 0 1 0.427240259375 0.998178053125 0.4151948046875 0.0939544515625 0 0 0 1
26 0 0 0.4291125546875 0.09575569375000001 0.43836580156249993 0.1577846796875 0.5208495671875 0.17905797031249998 0.531044371875 0.1223291921875 0.5393831171875 0.1205486546875 0.53567640625 0.18437888125 0.6014772734375 0.20034161562500002 0.62464826875 0.1577846796875 0.6302056281249999 0.15955486562500001 0.627429653125 0.2180641828125 0.668208875 0.22338509375 0.6960119046875 0.18614906874999998 0.706206709375 0.18614906874999998 0.6978625546874999 0.23402691562500003 0.734009740625 0.23756728749999997 0.7655194812499999 0.2056521734375 0.7720075750000001 0.2056521734375 1 1 1 0 0 0
26 1 1 0.7720075750000001 0.2056521734375 0.7323268390625 1 1 1
26 0.45597402656249997 0.9485300203125 0.45597402656249997 0.913074534375 0.441141775 0.9113043484375 0.43650974062500003 0.8722981359374999 0.427240259375 0.8687474125 0.427240259375 0.998178053125 0.4513365796875 0.999948240625 0.45597402656249997 0.9485300203125
26 0.7323268390625 1 0.7404978359375 0.8652070390625 0.725665584375 0.8120186328125 0.7173268390625 0.81910973125 0.7136201296875 0.8652070390625 0.7080573593749999 0.8049275359375001 0.6830357140625 0.8102380953124999 0.6821103890625 0.842153209375 0.681179653125 0.792515528125 0.66079004375 0.7960559 0.6543019484375 0.7960559 0.6746915578125 0.7818737062500001 0.65801406875 0.7694616984375 0.655232684375 0.7481884062499999 0.6505952374999999 0.7428674953125001 0.645963203125 0.7694616984375 0.637624459375 0.7233643890625 0.6329870125 0.7730124218750001 0.6181601734375 0.7499585921875 0.611672078125 0.7410973078125 0.5996266234375 0.7198240171875 0.5968452375 0.7428674953125001 0.5968452375 0.7854244312499999 0.5736742421875001 0.7481884062499999 0.5792370124999999 0.771231884375 0.5829437234375 0.7978260875000001 0.5977705624999999 0.7978260875000001 0.5977705624999999 0.8297412015625 0.5792370124999999 0.8315217390624999 0.5745995671874999 0.8137888203125 0.5736742421875001 0.8244202906250001 0.566260821875 0.8474741203124999 0.5634794375000001 0.856335403125 0.548652596875 0.8510248453125 0.5421645015625 0.877619046875 0.533820346875 0.8882505171874999 0.533820346875 0.9077536234375 0.5403084421875 0.9113043484375 0.5393831171875 0.9361180125 0.5393831171875 0.9644927531249999 0.5430898265625 0.9733540375 0.5634794375000001 0.9733540375 0.5532846328125001 0.983995859375 0.5532846328125001 1 0.7323268390625 1
3 0.7323268390625 1 0.7720075750000001 0.2056521734375 0.76459415625 0.2056521734375 0.7321536796875 0.2393374734375 0.7024945890625001 0.23402691562500003 0.706206709375 0.1896997921875 0.6969372296875 0.18792960625 0.6709848484375 0.22161490625 0.627429653125 0.2180641828125 0.6311363640625001 0.1577846796875 0.62372294375 0.15955486562500001 0.602402596875 0.2021118015625 0.53660173125 0.18614906874999998 0.53752705625 0.124099378125 0.531044371875 0.1223291921875 0.5208495671875 0.17905797031249998 0.43836580156249993 0.1577846796875 0.4290963203125 0.1010455484375 0.4151948046875 0.0939544515625 0.427240259375 0.998178053125 0.5317478359375001 1 0.7323268390625 1
31 0.43521807656249994 0.1385172421875 0.4300216453125 0.09750517656249999 0.4151948046875 0.0939544515625 0.4290963203125 0.1010455484375 0.43521807656249994 0.1385172421875
31 0.5393831171875 0.1205486546875 0.531044371875 0.1205486546875 0.5199188312499999 0.17728778437499998 0.43810482500000003 0.1561872296875 0.43836580156249993 0.1577846796875 0.5208495671875 0.17905797031249998 0.531044371875 0.1223291921875 0.53752705625 0.124099378125 0.536956978125 0.1623272046875 0.5393831171875 0.1205486546875
31 0.536956978125 0.1623272046875 0.53567640625 0.18437888125 0.5366246984374999 0.1846089296875 0.536956978125 0.1623272046875
31 0.5366246984374999 0.1846089296875 0.53660173125 0.18614906874999998 0.602402596875 0.2021118015625 0.62372294375 0.15955486562500001 0.6274281078125 0.1586701421875 0.62464826875 0.1577846796875 0.6014772734375 0.20034161562500002 0.5366246984374999 0.1846089296875
31 0.6274281078125 0.1586701421875 0.6302056281249999 0.15955486562500001 0.627429653125 0.2180641828125 0.6311363640625001 0.1577846796875 0.6274281078125 0.1586701421875
31 0.6709848484375 0.22161490625 0.6969372296875 0.18792960625 0.7056078218749999 0.1895854234375 0.706206709375 0.18614906874999998 0.6960119046875 0.18614906874999998 0.6696140609375 0.22150315625 0.6709848484375 0.22161490625
31 0.706206709375 0.1896997921875 0.7056078218749999 0.1895854234375 0.6978625546874999 0.23402691562500003 0.7080879312499999 0.235028421875 0.7024945890625001 0.23402691562500003 0.706206709375 0.1896997921875
31 0.6696140609375 0.22150315625 0.627429653125 0.2180641828125 0.668208875 0.22338509375 0.6696140609375 0.22150315625
31 0.734009740625 0.23756728749999997 0.7655194812499999 0.2056521734375 0.76459415625 0.2056521734375 0.733871490625 0.23755374687500003 0.734009740625 0.23756728749999997
31 0.7321536796875 0.2393374734375 0.733871490625 0.23755374687500003 0.7080879312499999 0.235028421875 0.7321536796875 0.2393374734375
6 0.4262987015625 0.203933746875 0.4309469703125 0.751728778125 0.533820346875 0.7552795031249999 0.534740259375 0.2233954453125 0.4262987015625 0.203933746875
6 0.6181601734375 0.546066253125 0.6190854984375 0.6364906828125 0.6848863640625 0.6364906828125 0.6876677484375 0.5407453421875 0.6181601734375 0.546066253125
6 0.6858225109375 0.6684265015624999 0.686742425 0.7091821953124999 0.7414231609375 0.7003209109374999 0.742348484375 0.6613146999999999 0.6858225109375 0.6684265015624999
6 0.6172348484375 0.6719461703125 0.6144534625 0.7162732921875 0.686742425 0.7091821953124999 0.6802543296875 0.6701759828125 0.6172348484375 0.6719461703125
6 0.5644047624999999 0.702091096875 0.5644047624999999 0.725134575 0.58943181875 0.725134575 0.5903571421875 0.7038612843750001 0.5644047624999999 0.702091096875
6 0.6357683984375 0.248209109375 0.6348430734375 0.2765734984375 0.698787878125 0.281894409375 0.698787878125 0.2712525875 0.6357683984375 0.248209109375
