1 0.24765625 0.66328125 0.025 0.0578125
1 0.2859375 0.66171875 0.025 0.0609375
1 0.4171875 0.5609375 0.01796875 0.0484375
1 0.1921875 0.6671875 0.03046875 0.059375
1 0.4578125 0.5609375 0.01640625 0.0484375
1 0.33359375 0.66015625 0.0171875 0.06015625
1 0.375 0.5609375 0.01796875 0.0484375
1 0.3328125 0.56171875 0.01875 0.05078125
1 0.52890625 0.58671875 0.01015625 0.0296875
1 0.56015625 0.58515625 0.01015625 0.03203125
1 0.49609375 0.590625 0.0125 0.034375
1 0.4171875 0.65546875 0.01640625 0.0546875
1 0.45859375 0.653125 0.015625 0.05390625
1 0.58984375 0.58671875 0.0109375 0.0375
1 0.15546875 0.66875 0.02421875 0.06015625
3 0.41953125 0.578125 0.61796875 0.31328125
