1 0.6375 0.58203125 0.02890625 0.05
1 0.52265625 0.48359375 0.0234375 0.046875
1 0.64453125 0.48671875 0.03046875 0.0515625
1 0.63046875 0.66796875 0.02734375 0.04375
1 0.85625 0.596875 0.0390625 0.0546875
1 0.52109375 0.56953125 0.0234375 0.04140625
1 0.57890625 0.57578125 0.0265625 0.04765625
1 0.5828125 0.48515625 0.0265625 0.05
1 0.95 0.603125 0.0515625 0.0609375
1 0.8796875 0.48359375 0.046875 0.0609375
31 0.51953125 0.39765625 0.95703125 0.109375
3 0.52109375 0.66015625 0.95546875 0.646875
