1 0.3558658015625 0.176335403125 0.356374459375 0.2106832296875 0.38584415625 0.2090683234375 0.38753787812499996 0.17213250468750002 0.3558658015625 0.176335403125
1 0.3224945890625 0.17213250468750002 0.32332251093750003 0.2097308484375 0.33723484843749996 0.20809523749999997 0.338246753125 0.1786128359375 0.3224945890625 0.17213250468750002
1 0.32181818125 0.25119047656250004 0.32130952343749997 0.2907246375 0.339604978125 0.28553830156250004 0.336726190625 0.2557246375 0.32181818125 0.25119047656250004
1 0.542435065625 0.1838923390625 0.54356060625 0.2198033125 0.5720725109375 0.220341615625 0.57263528125 0.18335403749999998 0.542435065625 0.1838923390625
1 0.50823593125 0.1883126296875 0.5103463203125 0.2185403734375 0.5279058437499999 0.2185403734375 0.52685065 0.18494824062499998 0.50823593125 0.1883126296875
31 0.40863095312500003 0.1350931671875 0.4381331171875 0.137515528125 0.4385551953125 0.123799171875 0.5413906921875 0.125414078125 0.5439177484375 0.1350931671875 0.574686146875 0.1391200828125 0.5789015156249999 0.125414078125 0.597867965625 0.1221946171875 0.644226190625 0.11977225625000001 0.7517045453125 0.1149378875 0.7495941562499999 0.101231884375 0.721358225 0.101231884375 0.64801948125 0.1084886125 0.6311634203125001 0.10283643906249999 0.5894372296875 0.1149378875 0.5708928578125 0.12622153281249998 0.5405465375 0.11977225625000001 0.43939934999999997 0.11413043437499999 0.429280303125 0.1318633546875 0.3968290046875 0.11574534218750002 0.3529978359375 0.1052587984375 0.21981601718750002 0.10042443125 0.210541125 0.1036438921875 0.212651515625 0.11170807499999999 0.3529978359375 0.1149378875 0.3938798703125 0.123799171875 0.40863095312500003 0.1350931671875
3 0.501742425 0.9087681156249999 0.5084145015625 0.9203726703124999 0.5909577921875 0.913405796875 0.7560335499999999 0.9087681156249999 0.749361471875 0.1030020703125 0.7129437234375 0.10068322968750001 0.626158009375 0.10416149062499999 0.5800324671875 0.115776396875 0.5393668828125 0.115776396875 0.4355898265625 0.1146169765625 0.38946428593750004 0.112287784375 0.3530465375 0.10068322968750001 0.28021645 0.0983540375 0.21042748906250003 0.1053209109375 0.20496212187500001 0.9157349890625 0.4107034625 0.9052795031249999 0.4920292203125 0.9029606625 0.501742425 0.9087681156249999
1 0.64035173125 0.86522774375 0.6408387453125 0.8843581781250001 0.655719696875 0.881563146875 0.6576677484375 0.8615010359375 0.64035173125 0.86522774375
1 0.5896212125 0.8638302281250001 0.5927922078125001 0.8890269156249999 0.6244967531250001 0.8838923390625 0.6232792203125 0.864296065625 0.5896212125 0.8638302281250001
1 0.5916666671875 0.78687370625 0.5916666671875 0.8227846796874999 0.6224350656250001 0.8241407875 0.6231385281249999 0.7852587984375 0.5916666671875 0.78687370625
1 0.543111471875 0.7784989640625 0.5449458875000001 0.8125258796875 0.5727489171875 0.811987578125 0.5733170999999999 0.7755383015625 0.543111471875 0.7784989640625
1 0.543111471875 0.701821946875 0.5442370125 0.7393478265625 0.5738798703125 0.7396169765625 0.5730357140625 0.7031677015625 0.543111471875 0.701821946875
1 0.5916666671875 0.708571428125 0.591239178125 0.7455590062499999 0.62271645 0.7460973078124999 0.6232792203125 0.7109937890625 0.5916666671875 0.708571428125
1 0.6908171000000001 0.6300621125 0.6927651515625 0.6645962734374999 0.7071428578125001 0.6650103515625 0.706672078125 0.6295962734375 0.6908171000000001 0.6300621125
1 0.6381331171875 0.6309937890625 0.63959415625 0.6659937890625 0.6549621218749999 0.6673913046875 0.6561796531249999 0.63240165625 0.6381331171875 0.6309937890625
1 0.6378896109375 0.55447205 0.63935065 0.590869565625 0.6537445890625 0.5899378875 0.6542316015625 0.5540062109375 0.6378896109375 0.55447205
1 0.69057359375 0.553074534375 0.69057359375 0.5838716359375 0.7086201296875 0.586200828125 0.7064231609375 0.553074534375 0.69057359375 0.553074534375
1 0.6888636359375 0.47608695624999997 0.68935065 0.5096790890625 0.7039880953125001 0.5138819875 0.704962121875 0.47608695624999997 0.6888636359375 0.47608695624999997
1 0.6391071421875 0.4770186328125 0.6400865796875 0.51108695625 0.6552056281249999 0.5134161484375 0.655936146875 0.47375776406250003 0.6391071421875 0.4770186328125
1 0.5107034625 0.705393375 0.5104978359375 0.7318322984375001 0.5263528140625 0.7333954453125 0.5285876625 0.7034472046875 0.5107034625 0.705393375
1 0.5117153671875 0.774606625 0.513955628125 0.8123291921875 0.5263528140625 0.8134886124999999 0.527976190625 0.7773291921875 0.5117153671875 0.774606625
1 0.50948051875 0.8504347828125001 0.5107034625 0.8683126296875001 0.5259469703125 0.8675362312500001 0.5269642859375 0.8469254656249999 0.50948051875 0.8504347828125001
1 0.45135281406249994 0.8531469984375001 0.4511471859375 0.875310559375 0.4692370125 0.87259834375 0.4663906921875 0.8508178046875001 0.45135281406249994 0.8531469984375001
1 0.451958875 0.779658384375 0.45399350624999996 0.8057142859375 0.46883116874999997 0.80766045625 0.468425325 0.773830228125 0.451958875 0.779658384375
1 0.452570346875 0.706563146875 0.45318181874999997 0.7353312625 0.46679653749999994 0.7376708078124999 0.467813853125 0.7038405796875 0.452570346875 0.706563146875
1 0.268625540625 0.788995859375 0.26801948124999997 0.823602484375 0.2848863640625 0.8263250515625 0.284074675 0.7878260874999999 0.268625540625 0.788995859375
1 0.45135281406249994 0.628405796875 0.45094697031250003 0.65562111875 0.4665963203125 0.661066253125 0.467408009375 0.628799171875 0.45135281406249994 0.628405796875
1 0.40562229375000003 0.5568633546874999 0.40866883125 0.59069358125 0.43326298750000003 0.594192546875 0.433874459375 0.5545341609375 0.40562229375000003 0.5568633546874999
1 0.40602813906249996 0.6307453421875 0.40541666718749997 0.667287784375 0.43326298750000003 0.6661283640625 0.4348863640625 0.628405796875 0.40602813906249996 0.6307453421875
1 0.40683982656250006 0.706169771875 0.40745129843749994 0.741169771875 0.434074675 0.739223603125 0.43529761875000006 0.70578675 0.40683982656250006 0.706169771875
1 0.4064339828125 0.7831677015625 0.40602813906249996 0.8123291921875 0.4322456703125 0.8181573500000001 0.43448051875000004 0.7784989640625 0.4064339828125 0.7831677015625
1 0.3568398265625 0.7913250515625 0.35460497812499997 0.8255486546874999 0.38529761875 0.8282712218749999 0.38712662343750004 0.7866666671875 0.3568398265625 0.7913250515625
1 0.3548051953125 0.7120082812499999 0.3554166671875 0.7477743265625 0.38448051875 0.750113871875 0.3832629875 0.7085093171875 0.3548051953125 0.7120082812499999
1 0.35460497812499997 0.866759834375 0.3564339828125 0.8881469984375 0.3869209953125 0.8842546578125001 0.38630952343749997 0.8683126296875001 0.35460497812499997 0.866759834375
1 0.32228896093750004 0.8671532093750001 0.32228896093750004 0.8881469984375 0.3403787875 0.8889233953125 0.3379383109375 0.87220496875 0.32228896093750004 0.8671532093750001
1 0.32187770625 0.7100621125 0.32350649374999996 0.7532194609375 0.3359036796875 0.7477743265625 0.3375324671875 0.715507246875 0.32187770625 0.7100621125
1 0.3208658015625 0.7878260874999999 0.3206601734375 0.8282712218749999 0.3357034625 0.8251552796875 0.33692099531249997 0.78937888125 0.3208658015625 0.7878260874999999
1 0.2663906921875 0.873374740625 0.268219696875 0.8893167703125 0.283874459375 0.8900931671875 0.285091990625 0.8663768109375001 0.2663906921875 0.873374740625
26 0 0 0 1 0.003901515625 1 0.0055592171875 0.9993289890625 0.10153679687499999 1 1 1 1 0 0 0
26 0.2092130265625 0.9127596375 0.210422078125 0.9122463765625 0.501742425 0.9110869562499999 0.509632034375 0.9238612843749999 0.758463203125 0.9110869562499999 0.75057359375 0.09952380937500001 0.5757846328125 0.10880952343750001 0.5648593078124999 0.1134472046875 0.5508982687499999 0.115776396875 0.4841396109375 0.10880952343750001 0.46350649375 0.10880952343750001 0.4434794375 0.112287784375 0.40827922031249997 0.10184264999999999 0.39007034687500003 0.1030020703125 0.3621536796875 0.10184264999999999 0.34515692656249997 0.09371635625 0.2359145015625 0.0925569359375 0.2098160171875 0.10068322968750001 0.2092130265625 0.9127596375
6 0.3014069265625 0.13457556875 0.302970178125 0.1303197609375 0.3314293734375 0.2192699953125 0.33603896093749996 0.241200828125 0.33603896093749996 0.2474120078125 0.3371212125 0.25155279531249997 0.340367965625 0.25569358124999997 0.34307359375 0.25569358124999997 0.3452380953125 0.2536231890625 0.346861471875 0.2484472046875 0.346861471875 0.24223602500000002 0.3446969703125 0.2360248453125 0.3484848484375 0.2298136640625 0.35064934999999997 0.23188405781250002 0.353354978125 0.23188405781250002 0.35551948125 0.2298136640625 0.3571428578125 0.22463768125 0.3571428578125 0.2184265015625 0.35606060624999997 0.2142857140625 0.384740259375 0.1759834375 0.3863636359375 0.1811594203125 0.3885281390625 0.1832298140625 0.39231601718750003 0.1832298140625 0.3950216453125 0.1801242234375 0.396103896875 0.1759834375 0.396103896875 0.16977225625 0.4296536796875 0.1438923390625 0.43127705625 0.1490683234375 0.43344155781250004 0.151138715625 0.4361471859375 0.151138715625 0.43709415625 0.14648033124999998 0.4395743140625 0.1480331265625 0.4393939390625 0.153209109375 0.440476190625 0.157349896875 0.44318181875 0.15942029062500002 0.4445346328125 0.155279503125 0.44701479062500005 0.158212559375 0.4458874453125 0.1614906828125 0.4453463203125 0.16977225625 0.446428571875 0.17391304375 0.4491341984375 0.17701863281250002 0.44776249687499997 0.181168390625 0.44882729218749995 0.182186890625 0.4474730453125 0.186353346875 0.4485203859375 0.18735515 0.44718359375 0.1915383015625 0.448213478125 0.1925234078125 0.4468941421875 0.19672325625 0.44790657031250003 0.197691665625 0.44660469062499997 0.20190821093750003 0.44759966406249996 0.202859925 0.4463152390625 0.207093165625 0.4472927578125 0.2080281828125 0.4460257890625 0.2122781203125 0.44698585 0.21319644062499998 0.44573633749999997 0.217463075 0.44667894375 0.2183646984375 0.4454468859375 0.22264802968750003 0.4463720359375 0.22353295625 0.44554161406250004 0.2276654375 0.445157434375 0.227832984375 0.44523646718750004 0.2328336359375 0.4448679828125 0.233017940625 0.44493132187500006 0.23800183593750002 0.44457853125 0.23820289374999998 0.4446261765625 0.24317003750000002 0.44428908125 0.2433878484375 0.4443210296875 0.2483382375 0.443999628125 0.24857280468749998 0.444015884375 0.2535064375 0.443710178125 0.253757759375 0.4437107375 0.2586746359375 0.443131275 0.26412766875 0.4439167796875 0.2648790203125 0.4428418234375 0.2693126234375 0.4436098734375 0.27004727968750003 0.442552371875 0.274497578125 0.4419734703125 0.2848674875 0.4426891515625 0.285552053125 0.4416840171875 0.29005244375 0.44238224531250003 0.2907203109375 0.44139456718750003 0.295237396875 0.44207533750000005 0.29588856875 0.441105115625 0.3004223515625 0.44176843125 0.301056828125 0.4408156640625 0.3056073078125 0.4414615234375 0.30622508593750003 0.4405262125 0.3107922625 0.4402367609375 0.315977215625 0.440847709375 0.3165616015625 0.43994730937500004 0.321162171875 0.44051835937500006 0.321854996875 0.439657859375 0.3263471265625 0.44018901093749996 0.32714839218749997 0.43936840781250003 0.33153208125 0.43985966093749995 0.3324417875 0.43907895625000004 0.3367170359375 0.4395303109375 0.33773518281250003 0.4387895046875 0.341901990625 0.4392009609375 0.34302857656249996 0.438500053125 0.3470869453125 0.43887161093750005 0.348321971875 0.4382106015625 0.35227189999999997 0.43854226093750004 0.35361536718750003 0.43792115000000004 0.3574568546875 0.43821291249999994 0.3589087625 0.43763169843750005 0.362641809375 0.4378835625 0.3642021578125 0.4373422484375 0.367826765625 0.4375542125 0.36949555156249997 0.43705279687500004 0.37301171875 0.43213212343749996 0.4611559515625 0.4316259171875 0.4647766625 0.431842671875 0.46634090625 0.43129656718750004 0.47007005625 0.4315532203125 0.4715258609375 0.43096721875000005 0.47536345312500006 0.43126376874999994 0.476710815625 0.43063786718749997 0.480656846875 0.43097431718749996 0.4818957703125 0.43030851875 0.4859502421875 0.43068486562499997 0.48708072500000005 0.42997916875 0.4912436359375 0.43039541562499994 0.49226567968749996 0.42948350468749996 0.5077577734375 0.429713196875 0.51203385625 0.429172275 0.5129113421875 0.4296467046875 0.517231409375 0.4288610453125 0.5180649109375 0.4295802125 0.5224289640625 0.428549815625 0.5232184796875 0.42951371875 0.5276265203125 0.4282385859375 0.52837205 0.4294472265625 0.532824075 0.42792735625 0.5335256187499999 0.429380734375 0.5380216296875 0.429314240625 0.5432191828125 0.42730489687500006 0.5438327562499999 0.4269936671875 0.548986325 0.4292477484375 0.5484167375 0.42918125468749996 0.5536142921875 0.42668243749999996 0.5541398937500001 0.4080086578125 0.8633540375000001 0.4080086578125 0.8695652171875 0.40963203437500006 0.8747412015625 0.409090909375 0.8944099375000001 0.4101731609375 0.898550725 0.41396103906250004 0.9037267078125 0.41829004375 0.9037267078125 0.4264069265625 0.89648033125 0.428030303125 0.8913043484375001 0.4291125546875 0.862318840625 0.428030303125 0.8581780531250001 0.425324675 0.8550724640625 0.42771841562499996 0.6679604953125 0.465909090625 0.670807453125 0.465909090625 0.6770186328125 0.4669913421875 0.6811594203125 0.4696969703125 0.6842650109374999 0.472402596875 0.6842650109374999 0.47510822499999994 0.6811594203125 0.47652265156249995 0.6820716234375 0.477383453125 0.6952661109375 0.47781385312499997 0.6956521734375001 0.47781385312499997 0.7018633546874999 0.47510822499999994 0.70496894375 0.47402597343749997 0.70910973125 0.47402597343749997 0.7153209109375 0.47564935 0.72049689375 0.47781385312499997 0.7225672875 0.48051948125 0.7225672875 0.4832251078125 0.7194616984375 0.48430735937499997 0.7153209109375 0.48430735937499997 0.70910973125 0.48992330156249997 0.70598814375 0.48863636406250005 0.758799171875 0.4897186140625 0.7629399578125 0.4924242421875 0.7660455484375001 0.497294371875 0.7660455484375001 0.499458875 0.7639751546875 0.5010822515625 0.758799171875 0.5010822515625 0.7525879921875 0.5 0.7484472046875 0.496753246875 0.745341615625 0.4966699390625 0.61928739375 0.5335497828125 0.622153209375 0.5335497828125 0.6366459625 0.5346320343750001 0.64078675 0.5373376624999999 0.6438923390625 0.540043290625 0.6438923390625 0.54324339375 0.6415185265625001 0.55180810625 0.8168951249999999 0.5544077140625 0.8155154031249999 0.55873671875 0.7009536359374999 0.558982684375 0.6987577640625 0.5627705625 0.6997929609375 0.5649350656250001 0.6977225671875 0.5665584421875 0.6925465843749999 0.5665584421875 0.686335403125 0.5649350656250001 0.6811594203125 0.5627705625 0.6790890265625 0.5600649343749999 0.6790890265625 0.546266234375 0.6030020703125001 0.5449134203125 0.60351966875 0.5438311687499999 0.59937888125 0.5453463203125 0.5979296062499999 0.5438311687499999 0.5942028984375 0.5449134203125 0.5900621125 0.54350649375 0.5877846796874999 0.5449134203125 0.58385093125 0.5438311687499999 0.5797101453125 0.541125540625 0.5766045546874999 0.540043290625 0.5766045546874999 0.5397901218750001 0.57141011875 0.5415365234375 0.571454778125 0.539536953125 0.56621568125 0.5419475031250001 0.566305003125 0.5719491484375 0.1903713609375 0.5700427625 0.188910771875 0.5703463203125 0.18633540312500002 0.5722732546875 0.18583042968750002 0.5745037484375 0.1827500875 0.5746753250000001 0.1801242234375 0.576734240625 0.17966974687499998 0.577380953125 0.1832298140625 0.5800865796875 0.1832298140625 0.5822510828125 0.1811594203125 0.578964734375 0.17658940625 0.5834257203125001 0.170428721875 0.583874459375 0.1759834375 0.6168831171875 0.13871635625 0.6195887453125 0.141821946875 0.6228354984375 0.141821946875 0.627705628125 0.137681159375 0.6293290046875 0.1325051765625 0.7012987015625 0.13146997968750002 0.702380953125 0.13561076562500002 0.70610870625 0.20899470937500003 0.7077922078125 0.20910973125 0.7064093312499999 0.21422820312500002 0.7077922078125 0.2153209109375 0.70670995625 0.21946169843750002 0.708874459375 0.21946169843750002 0.7070105828125001 0.2246951921875 0.710016834375 0.2770301359375 0.708874459375 0.3126294 0.7061688312500001 0.31573498906249997 0.7050865796875 0.3198757765625 0.7050865796875 0.32608695625 0.7061688312500001 0.33022774374999997 0.708874459375 0.3333333328125 0.7104978359375 0.3385093171875 0.7126623375000001 0.340579709375 0.7126623375000001 0.3478260875 0.709956709375 0.3478260875 0.7072510828125 0.3509316765625 0.7061688312500001 0.3550724640625 0.7050865796875 0.377846790625 0.7018398265625 0.38716356093750004 0.7018398265625 0.393374740625 0.7029220781250001 0.397515528125 0.70562770625 0.40062111875 0.7083333328125 0.40062111875 0.7110389609375 0.397515528125 0.7153679656249999 0.38509316718750003 0.7153679656249999 0.36542443125 0.7164502171875 0.36128364375 0.7224025968750001 0.36128364375 0.7245671 0.35921325 0.7267316015625 0.35300207031249997 0.7267316015625 0.346790890625 0.7251082249999999 0.34161490625 0.7251082249999999 0.331262940625 0.7234848484375 0.3240165625 0.7202380953125 0.3198757765625 0.7164502171875 0.3198757765625 0.7148268390625 0.31573498906249997 0.7115800859375 0.3126294 0.71209544375 0.308094253125 0.71173469375 0.307404121875 0.7120439078125 0.2969535640625 0.7109187109375 0.29273061875 0.7122307250000001 0.2914448390625 0.7106180859375 0.287497125 0.7124175421875 0.28593611406249997 0.7103174609375 0.28226362968749996 0.712604359375 0.28042738749999996 0.7142857140625 0.23084886093749998 0.7169913421875 0.23084886093749998 0.7191558437500001 0.2287784671875 0.7207792203125 0.22360248437500002 0.7207792203125 0.2173913046875 0.7196969703125 0.21325051718750002 0.7186147187499999 0.21221532031249998 0.7169913421875 0.20496894375000002 0.7142857140625 0.2018633546875 0.7193877546875 0.1424874296875 0.7218614718749999 0.1366459625 0.7245671 0.139751553125 0.7272727265625 0.139751553125 0.7294372296875 0.137681159375 0.7270562765624999 0.128571428125 0.7424242421875 0.1438923390625 0.74350649375 0.1480331265625 0.746212121875 0.151138715625 0.7489177484375 0.151138715625 0.7510822515625 0.1490683234375 0.752705628125 0.1438923390625 0.752705628125 0.137681159375 0.7516233765625 0.1335403734375 0.7489177484375 0.1304347828125 0.746212121875 0.1304347828125 0.74350649375 0.1335403734375 0.7424242421875 0.137681159375 0.740764790625 0.132712215625 0.7325396828125 0.13022774374999999 0.73106060625 0.1325051765625 0.7297979796875 0.1293995859375 0.73106060625 0.12629399531250002 0.7294372296875 0.12111801250000001 0.7272727265625 0.11904761875 0.7245671 0.11904761875 0.7218614718749999 0.122153209375 0.7215728718750001 0.1269151140625 0.7133477640625 0.1244306421875 0.7115800859375 0.1252587984375 0.7106060609375 0.12360248437500002 0.709956709375 0.120082815625 0.7077922078125 0.11801242187500001 0.7078643578125 0.12277432656250001 0.7051226546875 0.12194617031249999 0.7050865796875 0.11801242187500001 0.702380953125 0.12111801250000001 0.7012987015625 0.1252587984375 0.6996229578125 0.1212181921875 0.630673090625 0.12372270156250001 0.6293290046875 0.12629399531250002 0.6279150953125 0.12382288125 0.628246753125 0.122153209375 0.625541125 0.11904761875 0.6251571015625 0.12392306093750001 0.62239910625 0.12402324218750001 0.6228354984375 0.11904761875 0.6198593078125 0.1216356109375 0.6196411109375 0.124123421875 0.6168831171875 0.124223603125 0.615800865625 0.1283643890625 0.6146526234375 0.12730394375 0.583874459375 0.16977225625 0.5827922078125 0.1656314703125 0.5800865796875 0.1625258796875 0.577380953125 0.1625258796875 0.57521645 0.1645962734375 0.5735930734375 0.16977225625 0.571969696875 0.16977225625 0.56926406875 0.1666666671875 0.5665584421875 0.1666666671875 0.5643939390625 0.168737059375 0.5627705625 0.17391304375 0.5627705625 0.1801242234375 0.5643939390625 0.1853002078125 0.559352928125 0.19821292343750002 0.561120790625 0.2012321359375 0.558890296875 0.204312478125 0.557672590625 0.20251716250000001 0.556659803125 0.20739281874999999 0.555992253125 0.2068214015625 0.554311915625 0.21112563906249998 0.5521988171875 0.2135535015625 0.5526315796875 0.215429878125 0.5509512421875 0.21973411875 0.5499683234375 0.21663384375 0.54773783125 0.21971418437499998 0.5492709046875001 0.22403835781249998 0.5475905671875 0.2283425953125 0.5455073374999999 0.22279452656249998 0.5410463515624999 0.22895520937499997 0.5405844156249999 0.2329192546875 0.538815859375 0.23203554999999998 0.5378787875000001 0.2298136640625 0.5351731609375 0.2298136640625 0.5330086578125 0.23188405781250002 0.5365853656249999 0.235115890625 0.5321243796874999 0.24127657500000002 0.5313852812500001 0.2370600421875 0.5313852812500001 0.24534161562499998 0.5298938859375 0.244356915625 0.5284090906250001 0.24792960625 0.5276633937499999 0.24743725625000002 0.5254329 0.2505175984375 0.5074508828125001 0.21898391562500003 0.509740259375 0.211180125 0.509740259375 0.20496894375000002 0.508658009375 0.20082815781250002 0.50595238125 0.1977225671875 0.503246753125 0.1977225671875 0.5010822515625 0.1997929609375 0.499458875 0.20496894375000002 0.48444264062500003 0.1929347828125 0.4826839828125 0.19358178125 0.481939934375 0.1909290890625 0.4826839828125 0.18633540312500002 0.48106060624999997 0.1811594203125 0.47889610312500003 0.1790890265625 0.47564935 0.1801242234375 0.47402597343749997 0.174948240625 0.47132034687499996 0.17184265 0.46942640625000004 0.180900621875 0.46442099531250003 0.17688923437499998 0.4664502171875 0.17184265 0.4648268390625 0.16977225625 0.46212121249999993 0.16977225625 0.461918290625 0.174883540625 0.45693542656249997 0.169944790625 0.45562770625000004 0.16977225625 0.45445526718749996 0.16701173125 0.45562770625000004 0.16356107656250002 0.45454545468749996 0.15942029062500002 0.4518398265625 0.1563147 0.449675325 0.1563147 0.449675325 0.1469979296875 0.44805194843749996 0.141821946875 0.4458874453125 0.139751553125 0.44318181875 0.139751553125 0.43975469062499994 0.1428571421875 0.439935065625 0.137681159375 0.4388528140625 0.1335403734375 0.4361471859375 0.1304347828125 0.43344155781250004 0.1304347828125 0.43127705625 0.1325051765625 0.4296536796875 0.137681159375 0.39613572656249996 0.1590549265625 0.39448051875 0.1645962734375 0.3935574234375 0.1606990625 0.39231601718750003 0.1625258796875 0.3885281390625 0.1625258796875 0.388400815625 0.163987334375 0.38582251093750003 0.1656314703125 0.384740259375 0.16977225625 0.38360881562500004 0.1688782234375 0.35483077500000004 0.21108601562499998 0.353354978125 0.211180125 0.3526170796875 0.21433276874999999 0.35064934999999997 0.211180125 0.3484848484375 0.21325051718750002 0.35040338437499996 0.217579521875 0.3481896890625 0.220826275 0.346861471875 0.2184265015625 0.34597599375 0.224073028125 0.346861471875 0.22463768125 0.3479437234375 0.2287784671875 0.3455627703125 0.2325051765625 0.3451298703125 0.229606625 0.3437622984375 0.22731978125 0.3426948046875 0.23322981406249998 0.341548603125 0.23056653593749998 0.3398268390625 0.2339544515625 0.3393349078125 0.2338132875 0.3371212125 0.2370600421875 0.33285233281250004 0.22371750625 0.3084415578125 0.1304347828125 0.309523809375 0.12629399531250002 0.309523809375 0.120082815625 0.3079004328125 0.1149068328125 0.30573593125 0.1128364390625 0.303030303125 0.1128364390625 0.29870129843750004 0.116977225 0.297619046875 0.12111801250000001 0.297619046875 0.1273291921875 0.299242425 0.1325051765625 0.3014069265625 0.13457556875
1 0.5433225109375 0.6308178046874999 0.542510821875 0.6650310562499999 0.5709686140625 0.6638716359375 0.5723863640625 0.6296480328125 0.5433225109375 0.6308178046874999
1 0.5432629875 0.5513043484375 0.54448051875 0.5859109734375 0.574361471875 0.58746376875 0.5723268390625 0.554026915625 0.5432629875 0.5513043484375
6 0.3922456703125 0.1624741203125 0.3912283546875 0.168302278125 0.3898051953125 0.17064182187500002 0.38818181875 0.17180124218749998 0.38818181875 0.17802277500000002 0.38757034687499997 0.18968944062499998 0.38757034687499997 0.199026915625 0.3871645015625 0.21030020781249997 0.38452380937499997 0.213405796875 0.37984848437499996 0.2141821953125 0.37029761875 0.213405796875 0.362570346875 0.2141821953125 0.3560660171875 0.2153519671875 0.35383116875 0.2153519671875 0.34976731562499996 0.21496894375000003 0.34448051875 0.21962732968749998 0.34448051875 0.2200207046875 0.3432629875 0.21768115937500002 0.34062229374999997 0.213799171875 0.337976190625 0.22351966874999998 0.34062229374999997 0.23207039375 0.34224567031249997 0.2390683234375 0.34143398281250004 0.24373705937499998 0.337976190625 0.2456832296875 0.337976190625 0.263178053125 0.340010821875 0.2693995859375 0.339604978125 0.276790890625 0.33939935 0.2845652171875 0.33939935 0.2865113875 0.3365530296875 0.291180125 0.3263906921875 0.29233954375 0.32293831093750003 0.29428571406250004 0.318463203125 0.2946790890625 0.3158225109375 0.2876708078125 0.311958875 0.2993374734375 0.310541125 0.3043995859375 0.309929653125 0.3133333328125 0.31562229375 0.32034161562499996 0.3170454546875 0.3226708078125 0.3198863640625 0.33083850937500003 0.317651515625 0.34055900625 0.317651515625 0.354554865625 0.31745129843750003 0.358830228125 0.313793290625 0.35960662499999996 0.3076948046875 0.3561076609375 0.30301948125 0.35300207031249997 0.299361471875 0.3514389234375 0.2957034625 0.35338509375 0.2918398265625 0.35766045625 0.2898051953125 0.36115942031250003 0.287976190625 0.3638819875 0.2851298703125 0.3638819875 0.28187770625 0.3646687375 0.2757846328125 0.3646687375 0.2707034625 0.3646687375 0.26663419843749997 0.3658281578125 0.26277597343750003 0.3662215328125 0.2597240265625 0.37516563125 0.25545995625 0.3868322984375 0.25301948125 0.4008281578125 0.2509848484375 0.4074327125 0.24753246718750002 0.42532091093749996 0.243463203125 0.42104554843750003 0.23737012968750001 0.4222153203125 0.2255790046875 0.42065217343750005 0.22415584375000003 0.42104554843750003 0.22334415624999998 0.42726708125 0.22415584375000003 0.4362111796875 0.2267965375 0.4435921328125 0.2276136359375 0.4552587984375 0.228625540625 0.46731884062500006 0.23086580156249997 0.48209109687499996 0.2320833328125 0.48675983437500003 0.23879329062500002 0.49103519687499997 0.24001082187499997 0.49608695625 0.236958875 0.505807453125 0.235541125 0.523302278125 0.234117965625 0.5400310562499999 0.23492965312499997 0.54818840625 0.236958875 0.5590786750000001 0.24001082187499997 0.56569358125 0.2428571421875 0.5711283640625 0.24468614687499998 0.57851966875 0.2469209953125 0.58318840625 0.2501731609375 0.5960144921875 0.2501731609375 0.6026294 0.2505790046875 0.60885093125 0.249361471875 0.6329606625 0.2556601734375 0.6329606625 0.26033549843750003 0.6329606625 0.2654166671875 0.6329606625 0.2635876625 0.6419047625000001 0.2635876625 0.6543478265625 0.264199134375 0.66134575625 0.264199134375 0.6698964796875 0.2660281390625 0.671066253125 0.2672456703125 0.66095238125 0.267651515625 0.653178053125 0.2672456703125 0.6430641828125 0.26745129843750004 0.6356832296875 0.26948051875 0.6290683234375 0.2698863640625 0.628291925 0.27659632031250003 0.627122153125 0.279848484375 0.6302380953125 0.2853354984375 0.6310144921874999 0.2867586578125 0.638012421875 0.287976190625 0.6496790890625 0.2885876625 0.66134575625 0.28818181875 0.6687267078125 0.2885876625 0.6691200828125 0.28960497812499997 0.674948240625 0.293463203125 0.6776708078125 0.30383116875 0.6862318843749999 0.309929653125 0.6928364390625 0.31135281406250004 0.6932298140625 0.31745129843750003 0.6916666671875 0.3219209953125 0.68233954375 0.3245616890625 0.674948240625 0.33350649374999997 0.6737888203125 0.3361471859375 0.672619046875 0.3432629875 0.672619046875 0.344686146875 0.672619046875 0.3526136359375 0.6722256734375 0.3597240265625 0.6702898546875 0.3611471859375 0.671066253125 0.363793290625 0.674948240625 0.3698863640625 0.674948240625 0.37984848437499996 0.6741718421875 0.383300865625 0.6741718421875 0.3885876625 0.6722256734375 0.3918398265625 0.6582298140625 0.39204545468749996 0.6496790890625 0.395091990625 0.638012421875 0.3965151515625 0.628291925 0.398955628125 0.6201242234375 0.4005790046875 0.6131262937499999 0.4005790046875 0.599130434375 0.40240800937500004 0.5909627328125 0.40363095312499997 0.5862939953125 0.40383116875 0.5719151140625 0.40383116875 0.5629710140624999 0.40504870156250006 0.560248446875 0.40830086562499995 0.5551863359375 0.4182629875 0.554026915625 0.424361471875 0.5513043484375 0.43187770625 0.5532505171875 0.432489178125 0.5516873703125 0.43431818125 0.549358178125 0.42842532499999997 0.540414078125 0.4263906921875 0.536532090625 0.42517316093749996 0.5303105593749999 0.4322889609375 0.5271946171875 0.4371645015625 0.5260248453124999 0.4418398265625 0.52641821875 0.44387445937500003 0.5287474125 0.44834415625 0.5423602484375001 0.44915584375 0.545082815625 0.4501731609375 0.5470289859374999 0.45240800937500003 0.5567494828124999 0.45159632031249997 0.557908903125 0.45301948124999997 0.5719151140625 0.453219696875 0.57851966875 0.454848484375 0.5862939953125 0.45789502187500003 0.5921325046875 0.4589123375 0.5960144921875 0.45830086562499994 0.6100207046875 0.4589123375 0.61779503125 0.46379329062499997 0.6243995859375 0.4674512984375 0.62634575625 0.469074675 0.6302380953125 0.4709036796875 0.636066253125 0.47253246718749997 0.6481262937500001 0.47171536718749996 0.6543478265625 0.47029761875 0.6625051765625 0.47049783593749994 0.6702898546875 0.47049783593749994 0.677287784375 0.4711093078125 0.685445134375 0.4749675328125 0.690507246875 0.47557900468750003 0.6932298140625 0.4770021640625 0.700610765625 0.478219696875 0.7060559 0.47740800937500005 0.7181159421875 0.48147186093750005 0.7196687374999999 0.4857413421875 0.7223913046875 0.48614718593750006 0.72589026875 0.48614718593750006 0.73483436875 0.4871645015625 0.7410559 0.4871645015625 0.7453312624999999 0.47049783593749994 0.70022774375 0.470091990625 0.7107246375 0.47029761875 0.7130538296875 0.47049783593749994 0.72589026875 0.4715151515625 0.7324948234375 0.4721266234375 0.73871635625 0.47313852812499996 0.740279503125 0.4749675328125 0.7321118015625 0.48899350625000004 0.755051759375 0.49021644999999997 0.752712215625 0.49448051875 0.752712215625 0.49610930781249996 0.7531055906249999 0.49549783593749996 0.7449378875 0.49549783593749996 0.7363871640624999 0.498138528125 0.7359937890625 0.5003787875000001 0.7359937890625 0.5015963203125 0.7321118015625 0.50301948125 0.7282194609375 0.5060660171875 0.7262732921875 0.5068831171875 0.7247204968750001 0.5074891781249999 0.714223603125 0.5089123375 0.7033333328125 0.5121645015625 0.6994513453125 0.515010821875 0.6994513453125 0.5207034625 0.6971118015625 0.524767315625 0.6920600421875001 0.5261904765625001 0.6831159421875 0.5320833328125001 0.690507246875 0.5347240265625001 0.6838923390625 0.5363528140625 0.6780641828125 0.5410281390625 0.671449275 0.5414339828125 0.6640683234375 0.5408225109375 0.6481262937500001 0.5408225109375 0.6403416156249999 0.54021645 0.6243995859375 0.5420454546875 0.608074534375 0.5420454546875 0.603012421875 0.5408225109375 0.588633540625 0.5408225109375 0.5796894406249999 0.5422456703125 0.5672463765625 0.5422456703125 0.5590786750000001 0.5428571421874999 0.5528571421875 0.5499675328125 0.549358178125 0.5546428578125 0.5470289859374999 0.5615530296875 0.5478053828125 0.56866883125 0.54818840625 0.573955628125 0.548964803125 0.5745616890624999 0.550134575 0.5745616890624999 0.5653002078125 0.5753787875 0.5796894406249999 0.5761904765625 0.5925155281250001 0.5761904765625 0.603799171875 0.5761904765625 0.62207039375 0.5768019484375 0.6345134578125 0.5772077921875 0.6419047625000001 0.577408009375 0.6485093171874999 0.5800487015625 0.646180125 0.5833008656249999 0.646180125 0.5861471859375 0.64345755625 0.589604978125 0.642287784375 0.5912283546875 0.650838509375 0.5912283546875 0.6601759828125 0.5912283546875 0.6675672875 0.5918398265625 0.6761180125 0.593874459375 0.6831159421875 0.59875 0.690507246875 0.602813853125 0.6912836437500001 0.609929653125 0.6932298140625 0.613793290625 0.694389234375 0.6174512984375 0.694389234375 0.6211093078125 0.6940062109375 0.6233441562500001 0.6893374734375 0.6233441562500001 0.6889441 0.6219209953125 0.672619046875 0.6219209953125 0.6667805390625 0.6221266234375 0.6586231890625001 0.6223268390625 0.6454037265625 0.624361471875 0.637236025 0.6259848484375 0.6356832296875 0.629442640625 0.6310144921874999 0.6320833328125001 0.6267391296875 0.632895021875 0.607681159375 0.6343181812500001 0.5913561078125 0.63310065 0.5796894406249999 0.62883116875 0.5684161484375 0.628219696875 0.5629710140624999 0.6257846328125 0.5516873703125 0.6245616890625 0.5291407875 0.6251731609375 0.5186438921875001 0.6251731609375 0.49997929531249996 0.6257846328125 0.486366459375 0.6276136359375 0.471594203125 0.633300865625 0.46148033125000004 0.6365530296874999 0.45875776406249996 0.6402164499999999 0.4548757765625 0.6424512984375 0.4482608703125 0.64915584375 0.4439855078125 0.6526136359375 0.44243271249999994 0.654442640625 0.43971014531249997 0.654848484375 0.42571428593749994 0.6558658015625001 0.40937888125 0.6550541125 0.398105590625 0.659523809375 0.3957660453125 0.6670454546875 0.3965527953125 0.6749675328125 0.3953830234375 0.683712121875 0.3965527953125 0.6883874453125001 0.4004347828125 0.68939935 0.40198757812499997 0.6887932906249999 0.41443064218750003 0.690010821875 0.42687370625 0.68939935 0.4385403734375 0.694074675 0.4435921328125 0.7003787875 0.43815735 0.704848484375 0.436987578125 0.704848484375 0.4264906828125 0.703219696875 0.40238095312500005 0.7060660171875 0.393830228125 0.7083062765625 0.3918840578125 0.7089123374999999 0.3724430640625 0.7123701296875 0.3623291921875 0.714604978125 0.3565010359375 0.71866883125 0.35300207031249997 0.7229383109375 0.34910973125 0.7235497828125 0.34288819843749996 0.7204978359374999 0.335113871875 0.71399350625 0.3246169765625 0.7119642859375 0.31877846718749997 0.708712121875 0.311397515625 0.70810065 0.30206004218750004 0.708712121875 0.296231884375 0.7097240265625 0.2888405796875 0.7107413421875 0.285341615625 0.7107413421875 0.2771739125 0.7103354984375 0.263571428125 0.709929653125 0.256956521875 0.709117965625 0.242184265625 0.7083062765625 0.22701863281249998 0.7083062765625 0.2141821953125 0.7097240265625 0.1632505171875 0.698138528125 0.1721946171875 0.6885876625 0.1721946171875 0.6865530296875 0.1648033125 0.6833008656249999 0.1613043484375 0.6749675328125 0.14886128437499999 0.67375 0.146532090625 0.673138528125 0.1340890265625 0.6658225109375 0.129420290625 0.6587121218750001 0.1278674953125 0.653630953125 0.1263147 0.6434686140625 0.120476190625 0.633300865625 0.1220289859375 0.6251731609375 0.1263147 0.617651515625 0.1243685296875 0.60850649375 0.1243685296875 0.6056601734375 0.1243685296875 0.6013906921875 0.1263147 0.5997673156250001 0.13291925468750002 0.597732684375 0.134865425 0.5918398265625 0.1352587984375 0.587976190625 0.13681159375000002 0.5853354984375 0.14575569375 0.5820833328125 0.1527536234375 0.5800487015625 0.1578053828125 0.5776136359375 0.1620807453125 0.577408009375 0.165973084375 0.5749675328125 0.1826915109375 0.573955628125 0.19318840625 0.5735497828125 0.21262940000000002 0.57334415625 0.23091097343749997 0.574361471875 0.241790890625 0.5741558437500001 0.2542339546875 0.57334415625 0.2662939953125 0.5723268390625 0.28184265000000003 0.5717153671874999 0.2892339546875 0.5711093078125 0.29739130468749997 0.5711093078125 0.2977846796875 0.56562229375 0.2997308484375 0.5499675328125 0.2997308484375 0.545091990625 0.30050724687499997 0.5422456703125 0.300900621875 0.5408225109375 0.298178053125 0.54062229375 0.2946790890625 0.54062229375 0.290393375 0.5387932906249999 0.2841718421875 0.5347240265625001 0.2841718421875 0.53310065 0.2795134578125 0.5314718609375 0.272122153125 0.53045995625 0.2662939953125 0.5292370125 0.261231884375 0.5251731609375 0.2542339546875 0.524361471875 0.25385093125 0.51948051875 0.2487888203125 0.5182629875 0.2414078671875 0.5174512984375 0.2301242234375 0.5172456703125 0.22157349843750002 0.5097240265625 0.22157349843750002 0.508712121875 0.22040372656249999 0.5062716453125 0.20952380937499998 0.5062716453125 0.193964803125 0.50810065 0.18424430625 0.510541125 0.1822981359375 0.5143993499999999 0.1807453421875 0.5162283546875 0.1737474125 0.517651515625 0.16985507187499999 0.5211093078125 0.16947205 0.524767315625 0.1675258796875 0.528219696875 0.16052795 0.5245616890625 0.15625258749999998 0.518057359375 0.1473084890625 0.5154166671875 0.14575569375 0.5060660171875 0.1449792953125 0.5028138531249999 0.1387577640625 0.5022077921875 0.1321428578125 0.5001731609375 0.1274741203125 0.4959036796875 0.1274741203125 0.4924512984375 0.1317494828125 0.49062229375 0.1305900625 0.48939934999999996 0.14069358125 0.48818181875000005 0.1667494828125 0.4904166671875 0.17569358125 0.4904166671875 0.1819151140625 0.48431818125000003 0.18424430625 0.48086580156250003 0.18813664531250002 0.4765963203125 0.1815217390625 0.4723268390625 0.1768633546875 0.46338203437500003 0.17491718437499998 0.4552543296875 0.17141821875000002 0.45098484843750003 0.1675258796875 0.448544371875 0.15313664531249999 0.4465151515625 0.1480848859375 0.44448051875 0.1418633546875 0.438382034375 0.13953416093749998 0.4371645015625 0.13836438906249998 0.3969209953125 0.129420290625 0.39529761875 0.1340890265625 0.39448051875 0.1418633546875 0.39245129843750004 0.15625258749999998 0.3922456703125 0.1624741203125
6 0.738246753125 0.27398550781250003 0.736780303125 0.2851863359375 0.736780303125 0.2969461703125 0.7391233765624999 0.3086956515625 0.740584415625 0.31654244375 0.7452705625 0.32661490625 0.75024350625 0.3327743265625 0.7511201296875 0.3322153203125 0.75024350625 0.254948240625 0.7479004328125 0.2504658390625 0.7438041125 0.254948240625 0.7423430734375 0.25718426562499996 0.7385389609375 0.26503105625 0.738246753125 0.27398550781250003
6 0.73356060625 0.19783643906249998 0.7315151515625 0.2129503109375 0.7344372296875 0.22863354062500002 0.744686146875 0.2252691515625 0.749659090625 0.2135093171875 0.750827921875 0.21575569374999998 0.7511201296875 0.2000724640625 0.75024350625 0.1843995859375 0.74790584375 0.17991718437499998 0.747608225 0.1704037265625 0.74790584375 0.155838509375 0.74790584375 0.14184265000000001 0.744388528125 0.1373602484375 0.737949134375 0.1373706 0.7370725109375 0.15304347812500002 0.7353192640625 0.1698447203125 0.7353192640625 0.18159420312500002 0.73356060625 0.19783643906249998
6 0.21720779218750003 0.427349896875 0.21779761875 0.40718426562500004 0.21135822499999998 0.406625259375 0.2101839828125 0.430703934375 0.21720779218750003 0.427349896875
6 0.3482846328125 0.1903726703125 0.3482846328125 0.1820393375 0.3442857140625 0.1678674953125 0.340638528125 0.15391304374999998 0.33334415625 0.15594202968749998 0.33181818125 0.174389234375 0.339226190625 0.1761904765625 0.33993506562500003 0.1919461703125 0.3482846328125 0.1903726703125
10 0.2678733765625 0.10556935781250001 0.264821428125 0.1146480328125 0.282608225 0.1127018640625 0.2809145015625 0.1081677015625 0.2678733765625 0.10556935781250001
10 0.4365205625 0.1213250515625 0.43593073593750004 0.1338923390625 0.40976190468749996 0.131449275 0.40681818124999997 0.12358178125 0.39780302968750003 0.12432712187499999 0.409074675 0.1344513453125 0.43808982656250006 0.13632505156250002 0.438382034375 0.11850931718749999 0.4365205625 0.1213250515625
10 0.48915584375 0.12169772187500001 0.48915584375 0.1258281578125 0.5034686140625 0.12432712187499999 0.5026839828125 0.12095238125 0.48915584375 0.12169772187500001
10 0.629848484375 0.10880952343750001 0.6235822515625 0.11075569375000001 0.6218885281250001 0.1152898546875 0.60410173125 0.11496894375 0.603425325 0.11983436875 0.6478192640625 0.11886128437500001 0.6478192640625 0.11335403749999999 0.629848484375 0.10880952343750001
1 0.2703300859375 0.25210145 0.26795995625 0.2809316765625 0.286590909375 0.28385093125 0.286590909375 0.2478881984375 0.2703300859375 0.25210145
1 0.26761904687500004 0.3299275359375 0.267786796875 0.3636231890625 0.2845562765625 0.3600621125 0.28590909062500003 0.3266873703125 0.26761904687500004 0.3299275359375
1 0.269442640625 0.6311283640625 0.269442640625 0.663405796875 0.2854978359375 0.6692339546875 0.28529220781250003 0.6342443062500001 0.269442640625 0.6311283640625
6 0.26257034687499997 0.11737059999999999 0.268874459375 0.146138715625 0.2800487015625 0.140310559375 0.28248917812499996 0.1127018640625 0.26257034687499997 0.11737059999999999
1 0.54323593125 0.2603312625 0.541260821875 0.2946273296875 0.571044371875 0.294358178125 0.571888528125 0.2565527953125 0.54323593125 0.2603312625
1 0.26984848437500003 0.7135610765625 0.26883116875 0.7419461703125 0.283463203125 0.7477743265625 0.28448051875 0.7100621125 0.26984848437500003 0.7135610765625
