6 0.5565692640625 0.64963768125 0.5550216453125 0.6751035203125 0.5547077921875 0.69641821875 0.5550216453125 0.7165527953125 0.557186146875 0.7343167703125 0.558425325 0.74141821875 0.5593506500000001 0.7514906828125001 0.56801948125 0.7568219468749999 0.5788528140625 0.753861284375 0.582570346875 0.7568219468749999 0.5872132031249999 0.7514906828125001 0.5875216453125 0.7354968937499999 0.58937770625 0.7283954453125 0.5930898265625 0.7189233953125 0.5989718609375 0.7011594203125 0.59959415625 0.6833954453125 0.59959415625 0.6603002078125 0.60051948125 0.63483436875 0.601141775 0.61114906875 0.604853896875 0.5910144921875 0.60670995625 0.57740165625 0.610119046875 0.5501552796875 0.6129004328125001 0.5353519671875 0.617543290625 0.5152173906249999 0.6178571421875 0.4909420296875 0.61692640625 0.4601552796875 0.6132142859374999 0.453043478125 0.5989718609375 0.46014492812499996 0.5893939390625 0.456625259375 0.569875540625 0.45955486562500003 0.564307359375 0.58154244375 0.5596645015624999 0.59516563125 0.5590422078125 0.6241718421875 0.5565692640625 0.64963768125
6 0.6686201296875 0.7189233953125 0.655925325 0.872877846875 0.7503354984375 0.8918322984374999 0.7760281390625 0.74141821875 0.6686201296875 0.7189233953125
6 0.1760281390625 0.5188405796875 0.182678571875 0.572349896875 0.22222943750000002 0.5776915109375 0.21642316093749997 0.5168322984375 0.1760281390625 0.5188405796875
26 0.166726190625 0.581563146875 0.176401515625 0.581563146875 0.1852110390625 0.5774430640625 0.1699512984375 0.5646997921875 0.14931818125000001 0.574161490625 0.1553354984375 0.5947204968750001 0.166726190625 0.581563146875
31 0.2714231609375 0.7038819875 0.2194209953125 0.7571739125 0.376358225 0.8045445140625 0.3967857140625 0.738819875 0.2714231609375 0.7038819875
31 0.998706709375 0.361262940625 0.9268290046875001 0.3636853 0.925530303125 0.33917184218749996 0.75801406875 0.35510352031250003 0.756742425 0.368602484375 0.7047402593750001 0.37233954375 0.62116883125 0.38122153281250004 0.618382034375 0.37055900625 0.6134307359375 0.36700828125 0.6072402593749999 0.37885093125 0.60073593125 0.3753002078125 0.5902110390625 0.37648033125 0.584334415625 0.37292960625 0.5781439390625 0.38122153281250004 0.5781439390625 0.38832298125000003 0.501996753125 0.39483436875 0.3750865796875 0.40253623125000004 0.3266774890625 0.4070393375 0.327294371875 0.39933747343750003 0.257651515625 0.40466873750000004 0.2557954546875 0.4147308484375 0.23908008593750002 0.4147308484375 0.23908008593750002 0.4076294 0.1490043296875 0.413550725 0.147456709375 0.42598343749999995 0.04345238125 0.4425672875 0.06388528125000001 0.45328157343750003 0.998706709375 0.41159420312500006 0.998706709375 0.361262940625
1 0.7312824671875 0.6540579703125 0.7220400437500001 0.7251966875 0.7693290046875 0.7334161484374999 0.7839448046874999 0.6593995859375 0.7312824671875 0.6540579703125
1 0.8663582249999999 0.45477225624999995 0.8537175328125001 0.5139855078125 0.8944751078125 0.5139855078125 0.8998917750000001 0.4597101453125 0.8663582249999999 0.45477225624999995
1 0.8480465374999999 0.577153209375 0.8382413421875 0.620082815625 0.8648106062500001 0.618602484375 0.8720346328125 0.578633540625 0.8480465374999999 0.577153209375
1 0.8256006499999999 0.675838509375 0.8209577921875001 0.7093995859375 0.845205628125 0.7192650109375001 0.8544913421875 0.672877846875 0.8256006499999999 0.675838509375
10 0.0822510828125 0.4544513453125 0.0871212125 0.45134575625 0.09848484843750001 0.45134575625 0.1044372296875 0.4544513453125 0.1239177484375 0.4554865421875 0.1271645015625 0.4534161484375 0.1331168828125 0.4534161484375 0.14339826875 0.448240165625 0.153679653125 0.44720496875000004 0.1758658015625 0.4492753625 0.2012987015625 0.448240165625 0.21482683906250002 0.44409937812500005 0.22456710000000002 0.44409937812500005 0.2386363640625 0.4409937890625 0.2548701296875 0.4409937890625 0.2570346328125 0.445134575 0.259740259375 0.445134575 0.266233765625 0.4409937890625 0.308982684375 0.4409937890625 0.3116883109375 0.4389233953125 0.34902597343749997 0.4389233953125 0.3582251078125 0.43581780468750003 0.35930735937499997 0.43581780468750003 0.36093073593749997 0.4389233953125 0.3766233765625 0.4389233953125 0.378787878125 0.43685300156249995 0.38149350625 0.43685300156249995 0.3863636359375 0.4409937890625 0.38906926406250003 0.4409937890625 0.391233765625 0.43685300156249995 0.3982683984375 0.4378881984375 0.40367965312500004 0.43581780468750003 0.4291125546875 0.43581780468750003 0.43127705625 0.4337474125 0.433982684375 0.4337474125 0.435064934375 0.43167701875000003 0.43831168906249995 0.4378881984375 0.4453463203125 0.4378881984375 0.447510821875 0.43685300156249995 0.4491341984375 0.4337474125 0.45670995625 0.43581780468750003 0.48430735937499997 0.43581780468750003 0.48863636406250005 0.4337474125 0.51893939375 0.434782609375 0.5259740265625 0.43271221562499995 0.5362554109375 0.43271221562499995 0.5481601734375 0.4337474125 0.54978355 0.43581780468750003 0.5611471859375 0.43581780468750003 0.5741341984375 0.430641821875 0.5822510828125 0.430641821875 0.5941558437500001 0.4337474125 0.5952380953125 0.43581780468750003 0.6017316015625 0.43581780468750003 0.6109307359375 0.4337474125 0.621212121875 0.434782609375 0.625541125 0.43167701875000003 0.6331168828125 0.429606625 0.640692640625 0.43167701875000003 0.6542207796875 0.43167701875000003 0.6558441562499999 0.429606625 0.6617965375 0.429606625 0.6655844156249999 0.42753623125000006 0.6818181812499999 0.4265010359375 0.7045454546875 0.4265010359375 0.7104978359375 0.428571428125 0.7283549781249999 0.429606625 0.73051948125 0.4265010359375 0.7332251078125 0.4265010359375 0.7380952375 0.42339544531250006 0.740800865625 0.42339544531250006 0.7429653671875001 0.4254658390625 0.7510822515625 0.4254658390625 0.753787878125 0.42753623125000006 0.772186146875 0.42753623125000006 0.7781385281250001 0.4254658390625 0.7797619046875 0.42236024843750003 0.828463203125 0.4213250515625 0.8327922078125001 0.41925465781250004 0.8425324671875 0.42028985468749996 0.8479437234375 0.417184265625 0.8544372296875 0.41614906874999996 0.88149350625 0.417184265625 0.8847402593749999 0.414078675 0.8955627703125 0.413043478125 0.9063852812500001 0.413043478125 0.9112554109375001 0.41614906874999996 0.9177489171875 0.41511387187500004 0.9296536796874999 0.417184265625 0.9485930734375 0.417184265625 0.9518398265625001 0.414078675 0.9686147187499999 0.414078675 0.9707792203125001 0.417184265625 0.9740259734375 0.417184265625 0.9751082249999999 0.41511387187500004 0.9832251078124999 0.414078675 0.984848484375 0.41200828125 0.9859307359375 0.414078675 0.9886363640625 0.414078675 0.9918831171875 0.413043478125 0.99404761875 0.40993788750000004 0.9967532468750001 0.40993788750000004 0.9989177484375 0.40579710156250004 0.9989177484375 0.399585921875 0.9967532468750001 0.395445134375 0.9929653671875001 0.395445134375 0.9902597406250001 0.39648033125 0.9891774890624999 0.398550725 0.9864718609375001 0.398550725 0.9853896109375 0.40062111875 0.984307359375 0.398550725 0.98106060625 0.398550725 0.9729437234375 0.4016563140625 0.9702380953124999 0.399585921875 0.949675325 0.399585921875 0.946969696875 0.40269151093750005 0.9301948046874999 0.40269151093750005 0.91883116875 0.40062111875 0.9117965375000001 0.4016563140625 0.9074675328125 0.398550725 0.89448051875 0.398550725 0.8820346328124999 0.399585921875 0.8793290046875001 0.40062111875 0.8782467531249999 0.40269151093750005 0.8739177484375 0.40269151093750005 0.8733766234375 0.398550725 0.871212121875 0.3944099375 0.8603896109375 0.3944099375 0.8517316015624999 0.395445134375 0.8479437234375 0.4016563140625 0.840367965625 0.40579710156250004 0.8295454546875 0.4047619046875 0.8279220781250001 0.4068322984375 0.809523809375 0.4068322984375 0.8106060609375 0.39026915156249997 0.808982684375 0.38716356093750004 0.8084415578125 0.379917184375 0.8062770562500001 0.375776396875 0.7959956703125 0.375776396875 0.7938311687499999 0.379917184375 0.79437229375 0.3892339546875 0.7862554109375 0.39026915156249997 0.7835497828125 0.39233954375 0.75649350625 0.39233954375 0.7478354984375 0.393374740625 0.7456709953125 0.395445134375 0.7169913421875 0.39648033125 0.7148268390625 0.40062111875 0.7148268390625 0.4068322984375 0.7159090906250001 0.40890269218749997 0.7137141640625 0.41204985625 0.7137445890625 0.414078675 0.7115800859375 0.414078675 0.7115279296875 0.412004125 0.6920343718749999 0.4132804515625 0.691017315625 0.41200828125 0.6796536796875 0.41200828125 0.6784844999999999 0.41404957343750004 0.6628787875000001 0.413043478125 0.662709278125 0.4143239625 0.6596320343750001 0.41511387187500004 0.6545728359375 0.41471060312499997 0.6525974031249999 0.41614906874999996 0.6518606890624999 0.41483948281250005 0.6515151515625 0.417184265625 0.6493506499999999 0.417184265625 0.6491485421875 0.41496836249999997 0.6488095234375 0.417184265625 0.6461038968749999 0.417184265625 0.6464363953125 0.4150972421875 0.6455627703125 0.417184265625 0.6433982687500001 0.417184265625 0.6437242484375 0.41522612187499996 0.6396103890625 0.41614906874999996 0.6379870125 0.414078675 0.6325757578125 0.414078675 0.6260822515625 0.417184265625 0.6247392171875 0.41612828124999995 0.6228354984375 0.4182194609375 0.62202706875 0.4162571609375 0.6206709953125 0.41925465781250004 0.619314921875 0.4163860421875 0.61904761875 0.42028985468749996 0.6168831171875 0.42028985468749996 0.6166027749999999 0.416514921875 0.616341990625 0.41925465781250004 0.6141774890625 0.41925465781250004 0.613890628125 0.4166438015625 0.6136363640625 0.41925465781250004 0.6109307359375 0.41925465781250004 0.6111784796874999 0.41677268125 0.6103896109375 0.41925465781250004 0.6082251078125 0.41925465781250004 0.6084663328125 0.4169015609375 0.6071428578125 0.42028985468749996 0.60606060625 0.42028985468749996 0.6057541859375 0.41703044062499994 0.60551948125 0.42028985468749996 0.6033549781249999 0.42028985468749996 0.6030420390625 0.4171593203125 0.602813853125 0.42028985468749996 0.6006493500000001 0.42028985468749996 0.6003298906250001 0.4172882015625 0.6001082249999999 0.42028985468749996 0.5984848484375 0.4213250515625 0.5968614718749999 0.42028985468749996 0.59761774375 0.41741708125 0.596320346875 0.41925465781250004 0.5952380953125 0.41925465781250004 0.594905596875 0.4175459609375 0.5941558437500001 0.41925465781250004 0.5925324671875 0.41925465781250004 0.5921934484375 0.417674840625 0.5914502171875 0.41925465781250004 0.583874459375 0.41614906874999996 0.5714285718750001 0.41614906874999996 0.5677841234375001 0.418834759375 0.5623598296875 0.41909251875000003 0.5606060609375 0.4213250515625 0.55964768125 0.4192213984375 0.558982684375 0.4213250515625 0.5573593078125 0.4213250515625 0.556935534375 0.41935027812500003 0.55627705625 0.4213250515625 0.5542233875 0.4194791578125 0.5546536796875 0.4213250515625 0.5519480515625 0.4213250515625 0.5503246749999999 0.41925465781250004 0.5227272734375 0.4182194609375 0.5211038968749999 0.41511387187500004 0.5140692640625 0.41511387187500004 0.5113636359375 0.41925465781250004 0.45887445937500004 0.4213250515625 0.4518398265625 0.42028985468749996 0.4491341984375 0.417184265625 0.44426406875 0.41511387187500004 0.4323593078125 0.41511387187500004 0.4199134203125 0.41614906874999996 0.41883116875 0.4182194609375 0.402597403125 0.4182194609375 0.40043290000000004 0.42028985468749996 0.3950216453125 0.42028985468749996 0.3917748921875 0.42236024843750003 0.38419913437500003 0.42236024843750003 0.3831168828125 0.42028985468749996 0.3804112546875 0.41925465781250004 0.378787878125 0.41614906874999996 0.36580086562499997 0.41614906874999996 0.35660173125 0.42236024843750003 0.3511904765625 0.42236024843750003 0.346320346875 0.4244306421875 0.3143939390625 0.4244306421875 0.3127705625 0.42236024843750003 0.2830086578125 0.42236024843750003 0.28192640625 0.4244306421875 0.26893939375000003 0.4244306421875 0.2635281390625 0.4265010359375 0.2267316015625 0.42753623125000006 0.22294372343750002 0.429606625 0.21320346250000002 0.429606625 0.1991341984375 0.4337474125 0.1417748921875 0.4337474125 0.1379870125 0.434782609375 0.1363636359375 0.43685300156249995 0.121212121875 0.4409937890625 0.10606060625 0.43995859218750005 0.10010822500000001 0.43685300156249995 0.084956709375 0.43685300156249995 0.08333333281250001 0.4389233953125 0.07954545468749999 0.43995859218750005 0.060064934375000004 0.4389233953125 0.0579004328125 0.44306418281250004 0.0579004328125 0.4492753625 0.060064934375000004 0.4534161484375 0.0822510828125 0.4544513453125
1 0.23125 0.53049689375 0.2334740265625 0.5596273296875001 0.2453625546875 0.558209109375 0.24239177500000003 0.529782609375 0.23125 0.53049689375
1 0.2592207796875 0.532743271875 0.2618019484375 0.5607142859375001 0.2749134203125 0.562763975 0.2740530296875 0.53315735 0.2592207796875 0.532743271875
1 0.251915584375 0.4661283640625 0.254063853125 0.49203933749999995 0.2682521640625 0.493271221875 0.26502705625 0.46283643906250005 0.251915584375 0.4661283640625
1 0.237510821875 0.589078675 0.24116342031250002 0.6178674953125001 0.251915584375 0.6195134578125 0.25062229375 0.589078675 0.237510821875 0.589078675
1 0.266958875 0.5964906828125 0.26932359375 0.624855071875 0.28393939375 0.6244513453125 0.280286796875 0.59648033125 0.266958875 0.5964906828125
1 0.2458928578125 0.6487060046875001 0.2480465375 0.6717391296875 0.261369046875 0.6709109734375 0.2566396109375 0.648302278125 0.2458928578125 0.6487060046875001
1 0.1556601734375 0.52450310625 0.158896103125 0.5575776390625 0.16810065000000002 0.5549585921875 0.1648268390625 0.525776396875 0.1556601734375 0.52450310625
1 0.145936146875 0.46813664531250004 0.1492207796875 0.4961283640625 0.1598160171875 0.49412008281249997 0.15638528125 0.46385093125 0.145936146875 0.46813664531250004
1 0.1698160171875 0.4632815734375 0.17758116875000002 0.49669772187500005 0.208030303125 0.48984472031250004 0.2057954546875 0.45671842656250006 0.1698160171875 0.4632815734375
1 0.21064393906249998 0.6447619046875 0.2128841984375 0.667318840625 0.22587121250000003 0.6701759828125 0.2245292203125 0.6461904765625001 0.21064393906249998 0.6447619046875
1 0.1885497828125 0.5825051765625 0.19213203437499998 0.6067805390625 0.2245292203125 0.6124948234375001 0.22318181875 0.58279503125 0.1885497828125 0.5825051765625
1 0.1952705625 0.637908903125 0.194523809375 0.6573291921875 0.2098971859375 0.666180125 0.20795995625 0.6407660453124999 0.1952705625 0.637908903125
1 0.203630953125 0.693022775 0.20556818125 0.7147204968749999 0.21795995625 0.7124430640625 0.21661255468750001 0.6910248453125 0.203630953125 0.693022775
1 0.22002164531249999 0.6927536234375 0.22243506562499998 0.709585921875 0.238257575 0.71444099375 0.23706710000000003 0.69815735 0.22002164531249999 0.6927536234375
1 0.6271158015625 0.558074534375 0.6243181812499999 0.5996066250000001 0.64818181875 0.5992028984375 0.6503300859375 0.56424430625 0.6271158015625 0.558074534375
1 0.6320562765625 0.46884057968750004 0.6316287875000001 0.50503105625 0.6524783546874999 0.506262940625 0.6539826843750001 0.4663768109375 0.6320562765625 0.46884057968750004
1 0.6202380953125 0.64648033125 0.6191612546874999 0.68226708125 0.63872294375 0.6863768109375 0.6419480515625 0.65266045625 0.6202380953125 0.64648033125
1 0.61486471875 0.72667701875 0.613787878125 0.7571014500000001 0.632705628125 0.75792960625 0.635925325 0.72996894375 0.61486471875 0.72667701875
1 0.5116829 0.7719151140625 0.5110389609375 0.7941200828125 0.5275919906250001 0.7998757765625 0.5284523812499999 0.779720496875 0.5116829 0.7719151140625
1 0.5604816015625 0.7850724640625 0.5596212125 0.8130331265624999 0.5791774890625 0.816728778125 0.5806872296875001 0.7908281578125 0.5604816015625 0.7850724640625
1 0.610119046875 0.7998964796875 0.6109956703125 0.8224948234375 0.63133116875 0.8329192546874999 0.6306818187500001 0.8046583843749999 0.610119046875 0.7998964796875
1 0.6951677484375 0.45420289843750006 0.6940963203125 0.5051966875 0.7471861468750001 0.509720496875 0.7478354984375 0.4558488609375 0.6951677484375 0.45420289843750006
1 0.7555681812499999 0.45667701875000005 0.752992425 0.5060144921874999 0.80801948125 0.50766045625 0.8185551953125 0.4492650109375 0.7555681812499999 0.45667701875000005
1 0.74353355 0.5635921328125 0.7370833328125 0.6067701859375 0.7884577921875 0.61292960625 0.7977002171875001 0.558240165625 0.74353355 0.5635921328125
1 0.6885064937500001 0.558240165625 0.6854978359375 0.60141821875 0.7332142859374999 0.6071739125 0.7385876625 0.55947205 0.6885064937500001 0.558240165625
1 0.6814123375000001 0.6503519671875 0.6822727265624999 0.6898343687499999 0.71214826875 0.6935300203125 0.718382034375 0.6524120078125 0.6814123375000001 0.6503519671875
26 1 0.0019461703125 0 0.0029606625 0 1 0.64685065 1 0.993739178125 0.9985714281250001 0.41393398281250005 0.8246169765625 0.3802380953125 0.912619046875 0.21389610312500001 0.8542960656249999 0.20747294374999997 0.775507246875 0.19196428593749998 0.7601552796875 0.2037283546875 0.7509523812500001 0.1047781390625 0.7100207046875 0.061455628124999995 0.459327121875 0.0405952375 0.45318840624999995 0.0400595234375 0.43578675 0.042732684375 0.43477225625000004 0.0523593078125 0.42863354062500003 0.145963203125 0.420445134375 0.14757034687499998 0.412256728125 0.2384956703125 0.39792960625 0.24010281406249998 0.40919254687500006 0.2534740265625 0.4102070390625 0.25829004375000003 0.401004140625 0.3288906921875 0.392815734375 0.329962121875 0.40509316718750005 0.5765367968749999 0.3825879921875 0.5829545453125 0.367236025 0.5909794374999999 0.37542443125 0.6080952374999999 0.3703002078125 0.6107683984375 0.3631469984375 0.6225378781249999 0.373374740625 0.75464826875 0.3631469984375 0.7578625546875 0.3498447203125 0.9284848484375001 0.3406314703125 0.9226028140625001 0.3610973078125 1 0.3601035203125 1 0.0019461703125
1 0.8276677484375 0.7646687375 0.8075487015625 0.761708075 0.8047077921874999 0.8006832296875 0.8323106062500001 0.80463768125 0.8364339828125 0.7715734984375 0.8276677484375 0.7646687375
1 0.7959415578125 0.8451035203125 0.7905248921875 0.8717494828125 0.8116720781250001 0.8816149062499999 0.8194101734375 0.84904761875 0.7959415578125 0.8451035203125
1 0.8916341984375 0.7769979296875 0.882348484375 0.8145031062499999 0.9081439390625 0.8120393375000001 0.915367965625 0.7848964796875 0.8916341984375 0.7769979296875
1 0.869713203125 0.868291925 0.8609415578125 0.8934575562499999 0.8900865796874999 0.9043167703125 0.8929274890625001 0.87075569375 0.869713203125 0.868291925
1 1 0.7988405796875 0.9790800859375001 0.7927950312500001 0.9669588750000001 0.8386853000000001 0.9953300859375 0.836708075 1 0.8071946171875 1 0.7988405796875
1 0.9537987015624999 0.8870393375000001 0.94812770625 0.9156625265624999 0.9764989171874999 0.92552795 0.9832088750000001 0.89444099375 0.9537987015624999 0.8870393375000001
1 0.937294371875 0.5736956515625 0.932651515625 0.618602484375 0.9628300859375001 0.626987578125 0.970827921875 0.5766563140625001 0.937294371875 0.5736956515625
1 0.968760821875 0.4552691515625 0.960010821875 0.506625259375 0.9963636359375 0.51052795 0.999199134375 0.45921325 0.968760821875 0.4552691515625
1 0.1713095234375 0.636708075 0.1728030296875 0.6624120078125 0.1817586578125 0.662122153125 0.1792207796875 0.635279503125 0.1713095234375 0.636708075
1 0.16352813906250002 0.584161490625 0.1677489171875 0.6047619046875 0.175043290625 0.604720496875 0.1720562765625 0.5770289859375 0.16352813906250002 0.584161490625
6 0.11935065 0.612236025 0.1291504328125 0.6660248453125 0.135340909375 0.69957556875 0.1466937234375 0.705 0.142564934375 0.6684886125 0.139989178125 0.63789855 0.139989178125 0.6087784671875001 0.13637445937499998 0.5742339546874999 0.139989178125 0.6063147 0.14308441562500002 0.62161490625 0.14695346250000002 0.635921325 0.1505627703125 0.6527018640625 0.15314393906249998 0.6813146999999999 0.15546536718749998 0.6985921328125 0.161396103125 0.70351966875 0.1637175328125 0.695134575 0.1634577921875 0.6793478265624999 0.15546536718749998 0.671449275 0.155205628125 0.6625672875 0.16062229374999998 0.6512215328125001 0.155719696875 0.6309834375000001 0.1539177484375 0.6013768109375001 0.15082251093750002 0.5806521734375 0.1482413421875 0.5540062109375 0.1477272734375 0.5347619046875 0.145146103125 0.5145341609375 0.143598484375 0.4952898546875 0.139989178125 0.47011387187500003 0.1386958875 0.45234989687500005 0.086590909375 0.451366459375 0.09045995625 0.4563043484375 0.09252705624999999 0.483933746875 0.0984577921875 0.503178053125 0.10464826875 0.5535093171875001 0.11935065 0.612236025
6 0.08603896093749999 0.47722567343750005 0.08955627656250001 0.471661490625 0.090530303125 0.481858178125 0.0892857140625 0.48447205000000004 0.091017315625 0.486956521875 0.090097403125 0.48964803281249997 0.0915043296875 0.492054865625 0.090909090625 0.49482401718749996 0.09307359375 0.49896480312499997 0.0924783546875 0.502251553125 0.10660173125000001 0.6501035203125001 0.1044372296875 0.6542443062500001 0.1044372296875 0.6604554859375 0.10714285781249999 0.6687370593749999 0.109307359375 0.6842650109374999 0.11147186093749999 0.6884057968749999 0.1141774890625 0.6884057968749999 0.11634199062499999 0.6842650109374999 0.11634199062499999 0.67391304375 0.11309523749999999 0.6563147 0.1088785421875 0.647271378125 0.1885669359375 0.5481464125 0.225108225 0.5103519671875001 0.2272727265625 0.514492753125 0.2299783546875 0.514492753125 0.2321428578125 0.5103519671875001 0.2321428578125 0.5041407875 0.240719696875 0.49878364375000006 0.24845779218750003 0.6326863359375 0.2509469703125 0.6304347828125 0.2508116890625 0.6357586515625 0.2487554109375 0.6378364390625 0.25067640625 0.6410825203125 0.24905302968749998 0.6429865421875001 0.250541125 0.6464063875 0.24888392812500001 0.6491653734375 0.25040584374999997 0.6517302578125 0.24871482656250002 0.6553442031250001 0.249824134375 0.66049430625 0.248545725 0.6615230328124999 0.25 0.6677018640625 0.24729437187499997 0.6677018640625 0.2451298703125 0.67184265 0.2451298703125 0.6790890265625 0.24729437187499997 0.6832298140625 0.25 0.6832298140625 0.2521645015625 0.6790890265625 0.2510822515625 0.6251109140625 0.253382034375 0.5346051453125 0.2543290046875 0.532091096875 0.2581168828125 0.532091096875 0.2635281390625 0.5269151140624999 0.265151515625 0.5269151140624999 0.26948051875 0.518633540625 0.26948051875 0.5124223609375 0.26731601718750003 0.5082815734375 0.27435065000000003 0.46894410000000003 0.2803030296875 0.46894410000000003 0.39171279531250003 0.5758578562500001 0.5665584421875 0.7567287781250001 0.5665584421875 0.7639751546875 0.5681818187500001 0.7670807453124999 0.5629870134301547 0.8101449253029414 0.564246359375 0.8063241109374999 0.5670394421875 0.8059581328125001 0.564885871875 0.8008658015625001 0.5672799421875 0.8005521046874999 0.565525384375 0.7954074906249999 0.5675204421875 0.7951460781249999 0.5661648953125 0.78994918125 0.5677609421875001 0.78974005 0.56800144375 0.7843340234375 0.5664174203125001 0.783599975 0.5672504265625 0.7785871140625 0.56824194375 0.7789279953125 0.56808343125 0.7735742515624999 0.56848244375 0.77352196875 0.56872294375 0.7681159421875 0.5714285718750001 0.7681159421875 0.5735930734375 0.7639751546875 0.5735930734375 0.7567287781250001 0.5714285718750001 0.7525879921875 0.5681248578125 0.7524608625 0.6041524265625 0.654298790625 0.6618566625 0.6111494515625 0.6645021640625 0.6666666671875 0.6645021640625 0.68944099375 0.6672077921875 0.6946169765625 0.6704545453125 0.6946169765625 0.6737012984375 0.6884057968749999 0.6764069265625 0.674948240625 0.6764069265625 0.6677018640625 0.674242425 0.6635610765625 0.6704545453125 0.6645962734374999 0.66937229375 0.6625258796875 0.6666666671875 0.6625258796875 0.6655844156249999 0.6645962734374999 0.665319865625 0.6590445515625001 0.665729359375 0.655224046875 0.665055315625 0.6534928296875 0.6645262140625 0.6423893875 0.6647657 0.63720389375 0.6642616640625 0.636837665625 0.6647525234375 0.631844734375 0.6637806640624999 0.6317000234375 0.6632996640625 0.6265623796875001 0.664739346875 0.626485575 0.66472616875 0.621126415625 0.6628186625 0.6214247375 0.6623376624999999 0.61628709375 0.6647129921875 0.6157672562500001 0.6645021640625 0.5300207046875001 0.66829004375 0.5300207046875001 0.6704545453125 0.5258799171875 0.6704545453125 0.51759834375 0.66829004375 0.51345755625 0.6645021640625 0.5113871640625 0.6580086578125 0.5113871640625 0.6558441562499999 0.51345755625 0.6542777390625 0.5177254734375001 0.653679653125 0.51759834375 0.6527113234375 0.5219933890624999 0.6547619046875 0.5258799171875 0.6541606546875001 0.5289471671875 0.6511449078125 0.5262613046875 0.6057188421874999 0.650030875 0.38931765 0.573380171875 0.2839312328125 0.46436208125 0.28409090937500003 0.45652173906250004 0.28192640625 0.45238095312500004 0.28153608750000003 0.46188439687500005 0.279140940625 0.4594067125 0.278138528125 0.4534161484375 0.2767457953125 0.4569290296875 0.27435065000000003 0.4544513453125 0.272186146875 0.4585921328125 0.271554834375 0.4547964109375 0.2519841265625 0.4572118703125 0.25 0.46066252656250006 0.2491883109375 0.45755693593749996 0.24783549843750002 0.45652173906250004 0.24639249687500003 0.4579020015625 0.24431818125000002 0.45755693593749996 0.24080086562499997 0.4585921328125 0.23929773906250001 0.46319300625000004 0.2386363640625 0.46273291875 0.23779461249999997 0.46779388125 0.2397186140625 0.4710144921875 0.2400629671875 0.4733672125 0.2362914859375 0.47239475468750003 0.228775853125 0.49539912656249996 0.2299783546875 0.5 0.2272727265625 0.5 0.22499591562500001 0.5028321421874999 0.225108225 0.5041407875 0.22271910468749997 0.505664284375 0.190843746875 0.5453142703125 0.09794372343749999 0.49482401718749996 0.09794372343749999 0.48447205000000004 0.09686147187500001 0.4782608703125 0.09361471875 0.4720496890625 0.09307359375 0.467908903125 0.0912097171875 0.46342305 0.0890692640625 0.466563146875 0.0885822515625 0.461464803125 0.0893458390625 0.4589371984375 0.0874819625 0.4544513453125 0.0900072140625 0.45238095312500004 0.090367965625 0.446169771875 0.0871212125 0.446169771875 0.087608225 0.451268115625 0.084956709375 0.450310559375 0.08603896093749999 0.47722567343750005
6 0.2439123375 0.838633540625 0.23978354999999998 0.8258074531249999 0.23823593125000003 0.8149482406249999 0.24468614687499998 0.813964803125 0.2410768390625 0.780900621875 0.20470238125 0.7675776390625 0.21915043281250002 0.7784265015625 0.221212121875 0.8420910968750001 0.2511363640625 0.8529399578125 0.2490692640625 0.834192546875 0.2439123375 0.838633540625
6 0.21295995625000003 0.7586956515625001 0.20779761875 0.7660973078125 0.23952922031249999 0.778436853125 0.241590909375 0.7730020703125 0.21295995625000003 0.7586956515625001
6 0.2550054109375 0.7833643890624999 0.256807359375 0.8243271218749999 0.281574675 0.830248446875 0.28002705625 0.787318840625 0.2550054109375 0.7833643890624999
6 0.29008657968749996 0.793240165625 0.29550324687499996 0.8272877843750001 0.3202651515625 0.8376501031249999 0.3202651515625 0.7996480328125 0.29008657968749996 0.793240165625
6 0.3375487015625 0.8188923390625 0.33883657968750003 0.8524534156250001 0.37469155781249996 0.8549171843750001 0.3692748921875 0.816428571875 0.3375487015625 0.8188923390625
10 0.269962121875 0.6980020703125 0.2147619046875 0.7606625265625 0.37520562812499997 0.8114906828124999 0.398165584375 0.7354968937499999 0.269962121875 0.6980020703125
6 0.28234848437500004 0.6975051765625 0.3022077921875 0.7019461703125 0.3161363640625 0.7063871640625 0.3251623375 0.7073706 0.406212121875 0.736532090625 0.4078625546875 0.7619461703125 0.49331709999999995 0.77818840625 0.49563852812500003 0.7542028984375 0.496726190625 0.7052070390625 0.503712121875 0.6842753625 0.5006709953125 0.6627122156249999 0.5077651515625 0.7016459625 0.5096212125 0.7123084890625 0.5096212125 0.7318530015625 0.509929653125 0.7430952375000001 0.5291233765625 0.7442857140625 0.5328354984375 0.7419151140625 0.5328354984375 0.7194099375 0.5343831171875 0.7040165625 0.5371699140625 0.68921325 0.5374783546875 0.6767805390625 0.5402651515625 0.659606625 0.5396482687499999 0.6436231890624999 0.5396482687499999 0.6276294 0.538409090625 0.6169668734375 0.538409090625 0.5974327125000001 0.539956709375 0.585 0.5418127703125 0.5755175984374999 0.5421212125 0.5589440999999999 0.5452164500000001 0.5476915109375 0.5445995671875 0.5429503109375 0.53810065 0.5441407875000001 0.535313853125 0.5441407875000001 0.5278841984375 0.540579709375 0.5226190468749999 0.5352587984375 0.521071428125 0.528737059375 0.5189069265625 0.5228157343750001 0.5120995671874999 0.513933746875 0.5105519484375 0.5092028984375 0.5096212125 0.5015010359375001 0.5083820343750001 0.4914389234375 0.507456709375 0.477815734375 0.5083820343750001 0.468933746875 0.5083820343750001 0.454720496875 0.5090043296875 0.44228778437500005 0.505286796875 0.436366459375 0.49971320312499995 0.439327121875 0.49228896093749996 0.439327121875 0.487646103125 0.439327121875 0.4789772734375 0.439327121875 0.47309523750000004 0.439327121875 0.4696915578125 0.438737059375 0.4591666671875 0.437546584375 0.45328463281250003 0.436956521875 0.4483333328125 0.436956521875 0.4375 0.436366459375 0.43069264062499996 0.4351863359375 0.42573593125000003 0.44050724687500004 0.4179978359375 0.44050724687500004 0.4158333328125 0.44050724687500004 0.4096428578125 0.439327121875 0.4068560609375 0.438737059375 0.399117965625 0.4411076609375 0.39261904687500004 0.4411076609375 0.3854978359375 0.4411076609375 0.3799242421875 0.4411076609375 0.37218614687499996 0.44228778437500005 0.3635227265625 0.442877846875 0.3613528140625 0.442877846875 0.3542370125 0.442877846875 0.34959415625 0.44228778437500005 0.346185065625 0.44228778437500005 0.3418560609375 0.43991718437499994 0.334117965625 0.44228778437500005 0.332570346875 0.44228778437500005 0.326996753125 0.442877846875 0.3235930734375 0.442877846875 0.31708874531250003 0.44169772187499995 0.31182900468749997 0.44169772187499995 0.29883116875 0.43991718437499994 0.298208875 0.43991718437499994 0.2935660171875 0.444658384375 0.2889231609375 0.444658384375 0.287375540625 0.444658384375 0.28428030312499997 0.446428571875 0.2852110390625 0.467153209375 0.28551948125000004 0.46952380937499993 0.285827921875 0.4825569359375 0.2861363640625 0.49498964843750004 0.283041125 0.49320910937500007 0.2780898265625 0.49498964843750004 0.275611471875 0.49854037343749996 0.27468614687500004 0.5086128359375001 0.27685065 0.5186749484375001 0.2780898265625 0.5251863359375 0.2799458875 0.5340683234375 0.2821158015625 0.5393995859375 0.2824242421875 0.5435403734375 0.282732684375 0.5654554859375 0.2793290046875 0.5690062109375 0.27468614687500004 0.5690062109375 0.275611471875 0.5808488609375 0.27870670937500003 0.5885507249999999 0.29077922031250003 0.602763975 0.2889231609375 0.6175672875 0.29077922031250003 0.6294099375 0.2910930734375 0.6371014500000001 0.28428030312499997 0.6329606625 0.2753030296875 0.628819875 0.2722077921875 0.628819875 0.2671266234375 0.63089026875 0.2645454546875 0.65259834375 0.2648051953125 0.6925672875 0.2702218609375 0.69404761875 0.28234848437500004 0.6975051765625
6 0.8885281390624999 0.961697721875 0.8923160171875001 0.961697721875 0.89448051875 0.9575569359375 0.89448051875 0.95134575625 0.8923160171875001 0.94720496875 0.8885281390624999 0.9461697718750001 0.88149350625 0.9389233953125 0.8782467531249999 0.9389233953125 0.8760822515625 0.9430641828124999 0.8760822515625 0.9492753625000001 0.878787878125 0.9544513453125001 0.8885281390624999 0.961697721875
3 1 0.3627846796875 0.9219751078125 0.3619461703125 0.925990259375 0.33892339531250004 0.7575054109375 0.3525672875 0.7575054109375 0.3679192546875 0.6376028140625001 0.37559006250000004 0.6220021640625 0.37559006250000004 0.6130898265625 0.368768115625 0.6055086578125 0.37559006250000004 0.589908009375 0.3772981359375 0.5854545453125 0.370476190625 0.5783225109375 0.3824120078125 0.5778733765624999 0.38667701875 0.5230519484375 0.39008281562499997 0.41028138593749996 0.39861283593749997 0.32737554062499996 0.4096997921875 0.32693181875 0.397763975 0.2573971859375 0.40543478281249995 0.2542748921875 0.412256728125 0.2395671 0.412256728125 0.23867424218750002 0.40287784687499995 0.148641775 0.4165217390625 0.1477489171875 0.4233436859375 0.08623917812500001 0.42505175937499995 0.0537012984375 0.43016563124999996 0.039880953125 0.44039337500000003 0.0412175328125 0.4455175984375 0.061720779687500005 0.45063147031249995 0.1076298703125 0.7064389234374999 0.14507575781249998 0.7226397515625 0.20613636406250002 0.7499275359375 0.192321428125 0.7593064187499999 0.20792207812500002 0.7729503109375 0.21460497812499998 0.8505486546875 0.3808658015625 0.9085300203125 0.41251082187500004 0.8215527953124999 0.7111471859375 0.906821946875 0.9932954546874999 1 0.9977597406250001 1 1 0.598737059375 1 0.3627846796875
6 0.271103896875 0.4782608703125 0.26893939375000003 0.496894409375 0.26731601718750003 0.5020703937500001 0.26731601718750003 0.5082815734375 0.26948051875 0.5124223609375 0.272186146875 0.5124223609375 0.2719928875 0.5164892046875 0.2729625453125 0.5175533359375 0.2737389421875 0.522684309375 0.271258503125 0.5215912453125 0.2653834265625 0.562407571875 0.26569264062500003 0.565217390625 0.2629870125 0.569358178125 0.26391465625 0.572611653125 0.263180271875 0.5777136953124999 0.26406926406250003 0.5776397515625 0.26406926406250003 0.5797101453125 0.26244588750000003 0.582815734375 0.26244588750000003 0.589026915625 0.2646103890625 0.5931677015625 0.2747114 0.5931677015625 0.27597402656250003 0.5900621125 0.27777777812500004 0.5942028984375 0.28084415625000003 0.5952380953125 0.28138528125 0.622153209375 0.28246753281250003 0.6304347828125 0.284632034375 0.63457556875 0.2878787875 0.63457556875 0.290043290625 0.6304347828125 0.287714096875 0.6150418578125 0.291125540625 0.6086956515625 0.291125540625 0.59937888125 0.28571428593750003 0.5910973078125 0.2835497828125 0.5910973078125 0.274493621875 0.5279468484375001 0.2732683984375 0.5103519671875001 0.2765151515625 0.5031055906249999 0.278138528125 0.4875776390625 0.28138528125 0.4927536234375 0.284632034375 0.4927536234375 0.2867965375 0.48861283593750005 0.2870671 0.4710144921875 0.2851731609375 0.46687370625 0.2871572875 0.465148378125 0.2867965375 0.4534161484375 0.2878787875 0.4534161484375 0.290043290625 0.4492753625 0.3387445890625 0.44720496875000004 0.34090909062499997 0.45134575625 0.365259740625 0.4492753625 0.36742424218749997 0.445134575 0.48538961093750005 0.4389233953125 0.4864718609375 0.4409937890625 0.48630179375000004 0.44306418281250004 0.48755411249999997 0.44306418281250004 0.48675788437499995 0.448240165625 0.515035559375 0.7691511390625 0.518050671875 0.7682538875 0.5291375296874999 0.5671285234375001 0.5395021640625 0.569358178125 0.5395021640625 0.5766045546874999 0.5416666671875 0.5807453421875 0.54437229375 0.5807453421875 0.546536796875 0.5766045546874999 0.549242425 0.582815734375 0.54978355 0.58799171875 0.5519480515625 0.5921325046875 0.5546536796875 0.5921325046875 0.55627705625 0.589026915625 0.5584415578125 0.5910973078125 0.5616883109375 0.5910973078125 0.5638528140625 0.586956521875 0.5627705625 0.553830228125 0.5643939390625 0.55279503125 0.566017315625 0.555900621875 0.56872294375 0.555900621875 0.5708874453125 0.551759834375 0.5703463203125 0.5258799171875 0.5698051953125 0.5227743265625 0.554499071875 0.5094646546875 0.5538720546875 0.5025304796875 0.56926406875 0.47308488593750003 0.56926406875 0.46480331250000007 0.5670995671875 0.46066252656250006 0.5633116890625 0.46066252656250006 0.5616883109375 0.45755693593749996 0.558982684375 0.45755693593749996 0.5573593078125 0.46066252656250006 0.5481601734375 0.4585921328125 0.5438311687499999 0.448240165625 0.5405844156249999 0.44720496875000004 0.5167748921875 0.448240165625 0.5146103890625 0.446169771875 0.5140692640625 0.4378881984375 0.5119047625 0.4337474125 0.5075757578125 0.434782609375 0.5054112546875 0.430641821875 0.5016233765625 0.430641821875 0.500541125 0.428571428125 0.49783549843749997 0.428571428125 0.496212121875 0.43167701875000003 0.49458874531249997 0.429606625 0.49134199062499995 0.430641821875 0.490259740625 0.428571428125 0.48755411249999997 0.428571428125 0.48538961093750005 0.43271221562499995 0.48483846406250003 0.428724790625 0.3680655765625 0.435319378125 0.36742424218749997 0.4389233953125 0.365259740625 0.434782609375 0.3626342796875 0.435626103125 0.3623376625 0.434782609375 0.35991863125 0.4357794640625 0.359415584375 0.434782609375 0.35720298281249996 0.4359328265625 0.35649350625 0.434782609375 0.354487334375 0.4360861890625 0.35357142812500003 0.434782609375 0.351771684375 0.4362395515625 0.35064934999999997 0.434782609375 0.34905603749999997 0.43639291562500004 0.34740259687499997 0.435472740625 0.3463403875 0.43654627812499996 0.34090909062499997 0.43685300156249995 0.3387445890625 0.4409937890625 0.3382034625 0.437148771875 0.29220779218750004 0.4421768703125 0.290043290625 0.44306418281250004 0.2878787875 0.4389233953125 0.2867965375 0.4427684125 0.2849927859375 0.4389233953125 0.28409090937500003 0.44306418281250004 0.28210678125 0.4389233953125 0.28138528125 0.443359953125 0.278679653125 0.4436557234375 0.27922077968750003 0.4389233953125 0.2763347765625 0.4389233953125 0.27597402656250003 0.44395149375000004 0.2734487734375 0.4389233953125 0.2705627703125 0.4389233953125 0.2732683984375 0.4442472640625 0.2678571421875 0.44483880468750003 0.26731601718750003 0.4409937890625 0.265151515625 0.445134575 0.265151515625 0.45134575625 0.26731601718750003 0.4554865421875 0.271645021875 0.4554865421875 0.2738095234375 0.4534161484375 0.2738095234375 0.45962732968750003 0.271645021875 0.46376811562500003 0.271103896875 0.4782608703125
