1 0.44561688281249995 0.6357349890624999 0.446206709375 0.67983436875 0.46748376562500005 0.6979192546874999 0.46748376562500005 0.6380020703125 0.44561688281249995 0.6357349890624999
1 0.50353355 0.6583540375 0.5041287875 0.71036231875 0.5514069265625 0.7420186328125 0.5531818187499999 0.6741821953125 0.50353355 0.6583540375
3 0.41252164531249996 0.687743271875 0.40838203437500004 0.6888819875000001 0.4066071421875 0.6730538296875 0.40128787812500005 0.6854865421875 0.39951839843750003 0.7080952375 0.4202002171875 0.7205383015625 0.4202002171875 0.6640062109375 0.41252164531249996 0.666262940625 0.41252164531249996 0.687743271875
26 0.16858766249999999 0 0.7181980515624999 0.4582298140625 0.6987987015625 0.46994824062499996 1 0.9517287781249999 1 0 0.16858766249999999 0
26 1 0.955807453125 0.701861471875 0.4719047625 0.6457413421875 1 1 1 1 0.955807453125
26 0.6437716453125 1 0.6539448046875 0.919865425 0 0.3773602484375 0 1 0.6437716453125 1
31 0.4539448046875 0.3039441 0.4377759734375 0.30720496875 0.43862554062500003 0.3283643890625 0.422456709375 0.32999999999999996 0.4207521640625 0.3169668734375 0.4062824671875 0.30231884062500003 0.3994751078125 0.308830228125 0.3994751078125 0.3511594203125 0.27607142812499996 0.4260559 0.2752218609375 0.43094202968750006 0.7203300859375 0.460248446875 0.5381980515625 0.31371635625 0.4607521640625 0.3283643890625 0.4539448046875 0.3039441
6 0.639880953125 0.5081987578125 0.640476190625 0.4957660453125 0.6322023812500001 0.499161490625 0.639880953125 0.5081987578125
26 0 0 0 0.378633540625 0.39777597343750004 0.704948240625 0.3969209953125 0.6789026921875 0.403733765625 0.6675051765625 0.41224025937500003 0.6837888203125 0.41054112500000006 0.662619046875 0.4181980515625 0.6593685296875 0.44458333281250006 0.7098343687499999 0.43437229374999997 0.6528571421875 0.43011363593749996 0.6414596265625 0.4326677484375 0.6284265015625 0.42670995625 0.612153209375 0.436071428125 0.6023809531250001 0.4471374453125 0.6170289859375 0.4513906921875 0.6300621125 0.46330627656249995 0.6316873703125 0.4513906921875 0.6137784671875 0.4420292203125 0.605641821875 0.441179653125 0.5958695656249999 0.42501082187500006 0.5991200828125 0.41479437187499996 0.59424430625 0.403733765625 0.5779606625 0.393517315625 0.576335403125 0.37564935 0.5812111796874999 0.37479437187500003 0.59424430625 0.3645833328125 0.59424430625 0.3552218609375 0.6040062109375001 0.34670995625 0.5877225671875 0.34670995625 0.566563146875 0.3420292203125 0.5429503109375 0.33556277031250004 0.43646997968749995 0.2689231609375 0.4320807453125 0.397435065625 0.34253623125 0.3940313859375 0.30345755625000004 0.40424242499999996 0.298571428125 0.41700757499999996 0.31159420312499997 0.423814934375 0.32950310625 0.43488095312499997 0.32950310625 0.437435065625 0.3067184265625 0.45104978281249997 0.30183229843750004 0.4604112546875 0.3262525875 0.5353084421875 0.3083436859375 0.1851569265625 0 0 0
10 0.450541125 0.30231884062500003 0.43862554062500003 0.30231884062500003 0.43862554062500003 0.331625259375 0.42160173125 0.3283643890625 0.4190530296875 0.315341615625 0.40458333281250003 0.30231884062500003 0.396071428125 0.3104554859375 0.39777597343750004 0.347908903125 0.27607142812499996 0.4260559 0.2769209953125 0.43094202968750006 0.716071428125 0.460248446875 0.5381980515625 0.31209109687500003 0.4607521640625 0.331625259375 0.450541125 0.30231884062500003
6 0.47930194843749996 0.4876294 0.478712121875 0.639130434375 0.5667748921875 0.67983436875 0.5762445890625 0.4921325046875 0.47930194843749996 0.4876294
1 0.34987012968750003 0.47518633593750004 0.354009740625 0.52832298125 0.36937229375 0.5328467906250001 0.3652380953125 0.47180124218749997 0.34987012968750003 0.47518633593750004
6 0.45134740312500005 0.4776708078125 0.4543019484375 0.44715320937499997 0.4253463203125 0.4494099375 0.45134740312500005 0.4776708078125
6 0.6641125546875 0.499161490625 0.6830248921875001 0.5048136640625 0.668841990625 0.4776708078125 0.6641125546875 0.499161490625
6 0.65051948125 0.518374740625 0.6729816015625001 0.5104658390625 0.6546590906249999 0.49350931718749996 0.65051948125 0.518374740625
6 0.4714448046875 0.4505383015625 0.493901515625 0.46863354062499996 0.576645021875 0.47315735 0.5748701296875 0.4561904765625 0.4714448046875 0.4505383015625
3 0.34670995625 0.5839855078125 0.35181818125 0.5888716359374999 0.3603300859375 0.5986335406250001 0.3620292203125 0.5953830234375 0.370541125 0.5904968937499999 0.37479437187500003 0.5953830234375 0.37564935 0.585610765625 0.38160173125 0.582349896875 0.3952218609375 0.575838509375 0.403733765625 0.579099378125 0.41479437187499996 0.5888716359374999 0.42330627656250003 0.601894409375 0.4377759734375 0.5921221531249999 0.4420292203125 0.6002587984375001 0.452240259375 0.61003105625 0.46755952343749996 0.6377122156249999 0.4539448046875 0.6328260875 0.4471374453125 0.613291925 0.4369209953125 0.605144928125 0.42926406874999995 0.6116563140625 0.4352218609375 0.6263147 0.43096320312499997 0.6409627328124999 0.43437229374999997 0.6507349890625 0.4352218609375 0.6702691515625 0.441179653125 0.6946997921875 0.44373376562500005 0.7093478265625001 0.43181818125 0.6914389234375 0.42160173125 0.6539958593749999 0.42094155781250003 0.7240165625 0.654794371875 0.9177432718749999 0.6990530296874999 0.465134575 0.33564935 0.43907867500000003 0.34160173125000004 0.5416563140624999 0.3484145015625 0.562815734375 0.34670995625 0.5839855078125
6 0.6452002171875 0.5002898546875 0.6641125546875 0.48671842656250003 0.647564934375 0.4776708078125 0.6452002171875 0.5002898546875
1 0.391834415625 0.4819668734375 0.394199134375 0.5384989640625 0.41192640625 0.5452898546875 0.40838203437500004 0.4819668734375 0.391834415625 0.4819668734375
1 0.4426623375 0.48875776406250004 0.4426623375 0.5498136640625 0.46511904687500005 0.5543374734375 0.4645292203125 0.48988612812500004 0.4426623375 0.48875776406250004
