1 0.85703125 0.5078125 0.0234375 0.0609375
1 0.2921875 0.49453125 0.021875 0.05625
1 0.33984375 0.48515625 0.02109375 0.0546875
1 0.2984375 0.60390625 0.0234375 0.059375
1 0.34453125 0.590625 0.0203125 0.05078125
1 0.84609375 0.6265625 0.0234375 0.05703125
1 0.50703125 0.45234375 0.01796875 0.05625
1 0.46015625 0.4609375 0.01953125 0.0546875
1 0.25546875 0.6125 0.01640625 0.05625
1 0.41171875 0.4734375 0.0203125 0.0578125
1 0.93203125 0.48515625 0.02578125 0.0609375
1 0.4140625 0.57421875 0.01796875 0.05078125
1 0.50859375 0.54921875 0.01796875 0.05078125
1 0.37734375 0.47890625 0.0109375 0.05625
1 0.2140625 0.62109375 0.0265625 0.0640625
31 0.78203125 0.34296875 0.3890625 0.25078125
31 0.34140625 0.34765625 0.43359375 0.19765625
3 0.79296875 0.49140625 0.4109375 0.5484375
3 0.3375 0.48515625 0.44296875 0.48359375
3 0.2296875 0.1171875 0.459375 0.234375
