26 0.45963744531249995 0 0.38160714218749997 0.143550725 0.38753787812499996 0.1652587984375 0.40684523749999996 0.170445134375 0.41436688281249995 0.206262940625 0.41040584375 0.2057660453125 0.4134956703125 0.27853002031249996 0.4635876625 0.289358178125 0.4618939390625 0.220341615625 0.45867424218749997 0.2200207046875 0.45833874531249996 0.1950724640625 0.46257034687500004 0.195393375 0.46240259687499996 0.189886128125 0.4689610390625 0.19289855 0.47070346250000006 0.19118012499999998 0.47070346250000006 0.174327121875 0.49509199062500003 0.1850207046875 0.4939069265625 0.26959627343750003 0.511861471875 0.27218426562500003 0.5269372296875 0.2145134578125 0.5799512984375 0.2339544515625 0.5755465375 0.2598757765625 0.5735119046875 0.3123706 0.5783549781249999 0.31385093125 0.5804274890625 0.3093374734375 0.5863636359375 0.30165631406250004 0.5913257578125 0.29560041406250004 0.6385660171875001 0.2297412015625 0.6821536796875 0.17410973125 0.69185065 0.177815734375 0.7080140687500001 0.15648033125 0.721098484375 0.148436853125 0.735324675 0.15184265 0.7469534624999999 0.1648240171875 0.7566504328125 0.1861594203125 0.762624459375 0.2155383015625 0.770146103125 0.21856107656249998 0.7682142859375001 0.2265838515625 0.7667586578125001 0.22690476249999997 0.7664339828125 0.23246376875000002 0.7648268390624999 0.23246376875000002 0.7567370125 0.30261904687499996 0.7601406921875 0.3044824015625 0.7562554109375 0.31096273281250003 0.7554545453125 0.3254865421875 0.7536742421875 0.3279710140625 0.7402651515625001 0.42641821875 0.7946645015625 0.42099378906249996 0.81133116875 0.4203726703125 0.827380953125 0.4212422359375 0.8428354984374999 0.4204865421875 0.8698376624999999 0.42269151093749996 0.8703787875 0.4227225671875 0.868057359375 0.42641821875 0.8642478359375 0.43160455468750003 0.8604816015625 0.44834368593749996 0.8790963203125 0.44800207031249994 0.8809199140624999 0.4399275359375 0.8887824671875 0.4400621125 0.8902056281249999 0.4357142859375 0.9178300859374999 0.4374120078125 0.9145562765624999 0.44993788749999997 0.9404274890625001 0.450341615625 0.9741720781250001 0.43700828124999996 0.997435065625 0.4258799171875 1 0.42707039375000005 1 0 0.45963744531249995 0
3 0.4134956703125 0.27853002031249996 0.41040584375 0.2057660453125 0.41436688281249995 0.206262940625 0.40684523749999996 0.170445134375 0.38753787812499996 0.1652587984375 0.38160714218749997 0.143550725 0.3517965375 0.13253623125 0.356374459375 0.144192546875 0.36316017343749996 0.23457556875000002 0.3908116890625 0.24345755625 0.399983765625 0.2702380953125 0.4134956703125 0.27853002031249996
1 0.19850649375 0.32947205 0.2122619046875 0.40841614843749996 0.2991883109375 0.41233954375000004 0.2895292203125 0.3350724640625 0.19850649375 0.32947205
1 0.42416666718749996 0.3753830234375 0.42709415625 0.43977225625000005 0.4625054109375 0.43809523749999996 0.461044371875 0.37707039375 0.42416666718749996 0.3753830234375
1 0.5424134203125 0.3843478265625 0.5406547625 0.42633540312499996 0.5634848484375 0.426894409375 0.5658225109374999 0.3849068328125 0.5424134203125 0.3843478265625
6 0.2941612546875 1 0.28426406875 0.95154244375 0.2845562765625 0.9700207046875 0.26875 0.9778571421875 0.2724458875 1 0.2941612546875 1
3 0.5735119046875 0.3123706 0.5755465375 0.2598757765625 0.5799512984375 0.2339544515625 0.5269372296875 0.2145134578125 0.511861471875 0.27218426562500003 0.5470779218749999 0.279689440625 0.545070346875 0.30704968906249996 0.5735119046875 0.3123706
3 0.4710281390625 0.2645134578125 0.4939069265625 0.26959627343750003 0.49509199062500003 0.1850207046875 0.47070346250000006 0.174327121875 0.47070346250000006 0.19118012499999998 0.46866883125000003 0.19118012499999998 0.46240259687499996 0.189886128125 0.46257034687500004 0.195393375 0.45833874531249996 0.1950724640625 0.45817099531250005 0.195134575 0.45867424218749997 0.2200207046875 0.4618939390625 0.220341615625 0.4635876625 0.289358178125 0.46994047656250004 0.2905486546875 0.47089826874999996 0.268374740625 0.4710281390625 0.2645134578125
6 0.4039718609375 0.6850207046875 0.41567640624999996 0.688933746875 0.4197781390625 0.7421325046875 0.4253354984375 0.7169358171875 0.42562770624999996 0.7393271218749999 0.43265151562500004 0.7393271218749999 0.4344101734375 0.7158178046875 0.4387987015625 0.700134575 0.46953463281249996 0.6900621124999999 0.47128787812499995 0.6581469984375 0.4771428578125 0.6654244312500001 0.47685065 0.7079710140625 0.47889610312500003 0.735414078125 0.4917748921875 0.7320496890625 0.4917748921875 0.714130434375 0.49235930781250004 0.64078675 0.49148268437500003 0.5444824015624999 0.47918831093750003 0.5467184265625 0.4771428578125 0.53832298125 0.47216450156249995 0.53832298125 0.4704112546875 0.49128364375 0.4677759734375 0.48681159375 0.46572510781250004 0.4711283640625 0.4253354984375 0.473374740625 0.424458875 0.51424430625 0.4259199140625 0.5388819875 0.414507575 0.5411180124999999 0.4107034625 0.5556832296875001 0.391969696875 0.5590372671875 0.3905086578125 0.5836749484375 0.3343127703125 0.59318840625 0.334604978125 0.5982298140625 0.3451406921875 0.688933746875 0.3553841984375 0.6956625265625 0.374117965625 0.688374740625 0.4039718609375 0.6850207046875
1 0.4917748921875 0.7320496890625 0.492007575 0.7839026921875 0.5285930734375001 0.76766045625 0.53035173125 0.71279503125 0.4917748921875 0.7320496890625
3 0.2940422078125 0.17821946093750002 0.293192640625 0.1882608703125 0.28879329062500003 0.2154865421875 0.333165584375 0.22682194687499999 0.306915584375 0.1821118015625 0.2940422078125 0.17821946093750002
3 0.2388257578125 0.1863250515625 0.20122294375 0.1425776390625 0.19681818125 0.116004140625 0.2035930734375 0.11924430625 0.148041125 0.0508799171875 0.086726190625 0.0288405796875 0.10179653749999999 0.04569358125 0.10569264062499999 0.0686956515625 0.115178571875 0.11276397499999999 0.12381493437499999 0.151977225 0.12810606093750002 0.176977225 0.23628246718749998 0.20316770156250002 0.2337445890625 0.185672878125 0.2388257578125 0.1863250515625
3 1 0.4278260875 0.997435065625 0.4258799171875 0.9741720781250001 0.43700828124999996 0.9404274890625001 0.450341615625 0.9145562765624999 0.44993788749999997 0.9178300859374999 0.4374120078125 0.8902056281249999 0.4357142859375 0.8887824671875 0.4400621125 0.8809199140624999 0.4399275359375 0.8790963203125 0.44800207031249994 0.8604816015625 0.44834368593749996 0.8642478359375 0.43160455468750003 0.8698376624999999 0.42269151093749996 0.8428354984374999 0.4204865421875 0.827380953125 0.4212422359375 0.81133116875 0.4203726703125 0.7946645015625 0.42099378906249996 0.7402651515625001 0.42641821875 0.7536742421875 0.3279710140625 0.7554545453125 0.3254865421875 0.75448051875 0.324865425 0.7562554109375 0.31096273281250003 0.7601406921875 0.3044824015625 0.7567370125 0.30261904687499996 0.7648268390624999 0.23246376875000002 0.7664339828125 0.23246376875000002 0.7667586578125001 0.22690476249999997 0.7682142859375001 0.2265838515625 0.770146103125 0.21856107656249998 0.762624459375 0.2155383015625 0.7566504328125 0.1861594203125 0.7469534624999999 0.1648240171875 0.735324675 0.15184265 0.721098484375 0.148436853125 0.7080140687500001 0.15648033125 0.69185065 0.177815734375 0.6821536796875 0.17410973125 0.6385660171875001 0.2297412015625 0.5913257578125 0.29560041406250004 0.5863636359375 0.30165631406250004 0.5804274890625 0.3093374734375 0.5783549781249999 0.31385093125 0.545070346875 0.30704968906249996 0.5470779218749999 0.279689440625 0.49929653749999997 0.2713768109375 0.4710281390625 0.2645134578125 0.47089826874999996 0.268374740625 0.46994047656250004 0.2905486546875 0.4134956703125 0.27853002031249996 0.399983765625 0.2702380953125 0.3908116890625 0.24345755625 0.36316017343749996 0.23457556875000002 0.12810606093750002 0.176977225 0.114090909375 0.1733540375 0.118409090625 0.1782505171875 0.1196266234375 0.18288819843749998 0.1235227265625 0.18572463749999998 0.1236634203125 0.188830228125 0.126358225 0.1903726703125 0.126753246875 0.1929399578125 0.1291829 0.1952587984375 0.133625540625 0.2207453421875 0.1312012984375 0.2225569359375 0.136590909375 0.2282298140625 0.13725649374999999 0.23157349843750002 0.0916071421875 0.22307453437500002 0.085963203125 0.21921325 0.088246753125 0.23184265 0.0924242421875 0.23236024843749997 0.09376623437500001 0.2362215328125 0.0990151515625 0.2413768109375 0.10319805156249999 0.261200828125 0.0996969703125 0.261977225 0.10413961093749999 0.2668633546875 0.134361471875 0.39404761875 0.154334415625 0.4829606625 0.172483765625 0.5627846796875 0.1666125546875 0.5650207046875 0.16813852812500002 0.569296065625 0.17389610312499998 0.572236025 0.17695887500000002 0.585279503125 0.1745995671875 0.58910973125 0.1789610390625 0.590217390625 0.196185065625 0.666169771875 0.2157034625 0.7532608703125 0.21170995625 0.758436853125 0.21771103906249997 0.760921325 0.2195833328125 0.7705900625 0.21817640625 0.7741821953125 0.220757575 0.7739648031249999 0.236563853125 0.84233954375 0.2451731609375 0.8822981359375 0.2577380953125 0.9354968937500001 0.265925325 0.9706004140625 0.2726948046875 1 1 1 1 0.4278260875
26 0.206791125 0 0.148041125 0.0508799171875 0.2035930734375 0.11924430625 0.19681818125 0.116004140625 0.20122294375 0.1425776390625 0.2388257578125 0.1863250515625 0.2337445890625 0.185672878125 0.23628246718749998 0.20316770156250002 0.28879329062500003 0.2154865421875 0.293192640625 0.1882608703125 0.2940422078125 0.17821946093750002 0.306915584375 0.1821118015625 0.333165584375 0.22682194687499999 0.36316017343749996 0.23457556875000002 0.356374459375 0.144192546875 0.3517965375 0.13253623125 0.38160714218749997 0.143550725 0.45963744531249995 0 0.206791125 0
6 0.586314934375 0.43809523749999996 0.5880681812499999 0.424658384375 0.61089826875 0.42633540312499996 0.6126569265625 0.4078571421875 0.61850649375 0.416821946875 0.6220183984375 0.40841614843749996 0.6246536796875 0.4072981359375 0.6249458875 0.4207349890625 0.630800865625 0.4207349890625 0.6346049781249999 0.4112215328125 0.6416287875 0.41010352031249997 0.6366558437500001 0.47056935781250003 0.6451406921875 0.47056935781250003 0.64689935 0.4565734984375 0.6477759734374999 0.4565734984375 0.6507034625 0.43921325 0.652456709375 0.43921325 0.6571428578125 0.41345755625 0.6606547625 0.3994616984375 0.661239178125 0.41626294062499997 0.674117965625 0.32723602500000004 0.6782142859375 0.32947205 0.683192640625 0.3093167703125 0.690800865625 0.31099378906249997 0.696071428125 0.2830020703125 0.6770454546875 0.27740165625 0.6785064937499999 0.2230848859375 0.6717748921875 0.21973084843750001 0.6685551953125 0.21301242187499997 0.64689935 0.23596273281250002 0.6305086578125 0.266200828125 0.6293398265625 0.262846790625 0.6252380953125 0.26452380937500003 0.6226028140625 0.2863561078125 0.6158712125 0.29867494843750003 0.6120671 0.30148033125 0.6100216453125 0.29923395468749997 0.6094372296875 0.30371635625 0.6027056281250001 0.30315735 0.6009199140625 0.3133540375 0.5863636359375 0.3177018640625 0.5828030296875 0.365310559375 0.5787012984375 0.40841614843749996 0.578409090625 0.43697722499999997 0.586314934375 0.43809523749999996
6 0.544009740625 0.3086438921875 0.5421266234375001 0.33046583906250004 0.5600054109375 0.33181159375 0.5620021640624999 0.3104347828125 0.544009740625 0.3086438921875
26 0.00013528125 0 0 0.177184265625 0 0.9997619046875 0.2726948046875 1 0.2702272734375 0.9825672875 0.265925325 0.9706004140625 0.2577380953125 0.9354968937500001 0.2451731609375 0.8822981359375 0.236563853125 0.84233954375 0.220757575 0.7739648031249999 0.2172727265625 0.7739544515625 0.2195833328125 0.7705900625 0.21771103906249997 0.760921325 0.21170995625 0.758436853125 0.2157034625 0.7532608703125 0.196185065625 0.666169771875 0.1789610390625 0.590217390625 0.1745995671875 0.58910973125 0.17695887500000002 0.585279503125 0.17389610312499998 0.572236025 0.16813852812500002 0.569296065625 0.1666125546875 0.5650207046875 0.172483765625 0.5627846796875 0.154334415625 0.4829606625 0.134361471875 0.39404761875 0.10413961093749999 0.2668633546875 0.0996969703125 0.261977225 0.10319805156249999 0.261200828125 0.0990151515625 0.2413768109375 0.09376623437500001 0.2362215328125 0.0924242421875 0.23236024843749997 0.088246753125 0.23184265 0.085963203125 0.21921325 0.000324675 0 0.00013528125 0
26 0.00013528125 0 0.08737012968749999 0.22108695625000002 0.0916071421875 0.22307453437500002 0.13725649374999999 0.23157349843750002 0.136590909375 0.2282298140625 0.1312012984375 0.2225569359375 0.133625540625 0.2207453421875 0.1291829 0.1952587984375 0.126753246875 0.1929399578125 0.1236634203125 0.188830228125 0.1235227265625 0.18572463749999998 0.1196266234375 0.18288819843749998 0.118409090625 0.1782505171875 0.114090909375 0.1733540375 0.12810606093750002 0.176977225 0.12381493437499999 0.151977225 0.115010821875 0.1142650109375 0.115178571875 0.11276397499999999 0.10569264062499999 0.0686956515625 0.10179653749999999 0.04569358125 0.086726190625 0.0288405796875 0.148041125 0.0508799171875 0.206791125 0 0.00013528125 0
1 0.32114177499999996 0.5831159421875001 0.30797077968750003 0.476169771875 0.22426406875 0.4823291921875 0.24416666718750002 0.58983436875 0.2909956703125 0.5819979296875 0.292456709375 0.58815735 0.32114177499999996 0.5831159421875001
