1 0.26953125 0.57890625 0.03828125 0.0671875
1 0.32578125 0.57734375 0.0375 0.06953125
1 0.4859375 0.56875 0.03046875 0.06328125
1 0.6390625 0.56328125 0.03203125 0.059375
1 0.3796875 0.57421875 0.034375 0.0640625
1 0.6875 0.559375 0.0328125 0.0609375
1 0.53671875 0.56640625 0.03046875 0.06328125
1 0.5890625 0.56484375 0.03125 0.0625
1 0.434375 0.57265625 0.03359375 0.0640625
1 0.284375 0.68046875 0.0359375 0.05703125
1 0.63125 0.659375 0.03046875 0.05390625
1 0.38828125 0.675 0.03359375 0.0578125
1 0.33515625 0.67734375 0.03515625 0.05703125
1 0.58359375 0.6625 0.0296875 0.05390625
1 0.67734375 0.65546875 0.02890625 0.05390625
31 0.46953125 0.44765625 0.61875 0.15
31 0.48515625 0.64765625 0.12890625 0.08984375
3 0.46953125 0.5734375 0.62265625 0.39375
3 0.096875 0.67421875 0.19296875 0.33125
3 0.909375 0.56796875 0.17890625 0.1953125
