26 0.2388095234375 0 0.251152596875 0.008850931250000001 0.2659794375 0.0478571421875 0.2696915578125 0.0514078671875 0.2752489171875 0.07977225624999999 0.2882251078125 0.0957349890625 0.3002705625 0.11345755625000001 0.3169534625 0.1205486546875 0.3336363640625 0.1418322984375 0.339199134375 0.1329606625 0.36700216406249997 0.15424430625000002 0.374415584375 0.1701966875 0.39665584374999996 0.1701966875 0.39665584374999996 0.125869565625 0.46338744531250003 0.1329606625 0.46431277031249996 0.16487577656250002 0.496753246875 0.1701966875 0.5013852812499999 0.106366459375 0.5060173156250001 0.106366459375 0.516212121875 0.1116873703125 0.5273376625 0.1205486546875 0.531044371875 0.109917184375 0.5403084421875 0.109917184375 0.5458712125 0.1116873703125 0.55420995625 0.1116873703125 0.5810876625 0.1010455484375 0.5820129875 0.161335403125 0.6088906921875 0.15955486562500001 0.6264989171875001 0.1116873703125 0.6960119046875 0.106366459375 0.6960119046875 0.15601449218750002 0.71176406875 0.15601449218750002 0.721958875 0.1365113875 0.7275216453125 0.1347412015625 0.7303030296874999 0.15955486562500001 0.7488365796875 0.15955486562500001 0.7451298703125 0.2553002078125 0.738641775 0.2730331265625 0.73771645 0.32799171875 0.7321536796875 0.42018633593750004 0.738641775 0.421956521875 0.73771645 0.46983436875000006 0.7284469703124999 0.47514492812500003 0.723814934375 0.57089026875 0.734935065625 0.581532090625 0.734935065625 0.6187577640625 0.7228841984375001 0.6223084890624999 0.72103355 0.6808178046875 0.7191774890625 0.7162732921875 0.7126893937500001 0.7198240171875 0.7173268390625 0.7481884062499999 0.7154707796875 0.7907349890625001 0.707132034375 0.8013768109375 0.707132034375 0.8226501031250001 0.7154707796875 0.8332919249999999 0.7154707796875 0.8474741203124999 0.72103355 0.8652070390625 0.7154707796875 0.9449896484375 0.6088906921875 0.9272567281249999 0.5959145015625 0.8864803312499999 0.5820129875 0.8829296062499999 0.5847943718749999 0.913074534375 0.4930465375 0.9077536234375 0.4911904765625 0.8811594203125 0.46895021718749996 0.8740683234375 0.457824675 0.9201656312500001 0.40685065 0.9166149062500001 0.40407467500000005 0.897122153125 0.365146103125 0.8988923390625001 0.2968019484375 1 0.3366396109375 1 0.9962662343750001 1 1 0 0.26931818125 0 0.2388095234375 0
1 0.4296875 0.45 0.02421875 0.0390625
1 0.43125 0.37734375 0.0234375 0.0421875
1 0.4296875 0.29609375 0.02421875 0.0390625
1 0.47890625 0.38828125 0.0109375 0.028125
1 0.434375 0.6671875 0.02109375 0.0375
1 0.43359375 0.6 0.02421875 0.0375
1 0.47890625 0.64375 0.01328125 0.028125
1 0.12818181875 0 0.1315963203125 0.0620496890625 0.2122294375 0.125869565625 0.2103733765625 0.0709109734375 0.133658009375 0 0.12818181875 0
1 0 0.1588819875 0.0491125546875 0.18792960625 0.044480518749999996 0.109917184375 0 0.09041407812499999 0 0.1588819875
1 0 0.27594202968750003 0.00185065 0.3049378875 0.0602380953125 0.3226708078125 0.057456709375000005 0.2535300203125 0 0.23322981406249998 0 0.27594202968750003
1 0.0027759734375 0.3847308484375 0.0064826843750000005 0.44855072500000004 0.07320887499999999 0.4574223609375 0.071358225 0.3935921328125 0.0027759734375 0.3847308484375
1 0.016677489062500002 0.523022775 0.0213095234375 0.5921635609375 0.08062770625 0.5850724640625 0.0796969703125 0.51947205 0.016677489062500002 0.523022775
1 0.027797618750000003 0.6630848859375 0.032435065624999995 0.7304554859375 0.093598484375 0.7056314703125001 0.088041125 0.64181159375 0.027797618750000003 0.6630848859375
1 0.037992425 0.7907349890625001 0.0435551953125 0.8581159421875 0.103793290625 0.81910973125 0.09823593124999999 0.7676915109375 0.037992425 0.7907349890625001
1 0.0472619046875 0.9148447203125001 0.0528192640625 0.9733540375 0.1130627703125 0.929026915625 0.10935606093750001 0.8722981359374999 0.0472619046875 0.9148447203125001
1 0.1890584421875 0.9591718421875 0.189983765625 0.9928571421875001 0.252077921875 0.9361180125 0.252077921875 0.8882505171874999 0.1890584421875 0.9591718421875
1 0.180719696875 0.85279503125 0.1834956703125 0.909523809375 0.2474458875 0.8545652171875 0.2474458875 0.8102380953124999 0.180719696875 0.85279503125
1 0.173300865625 0.751728778125 0.1742316015625 0.8031469984375 0.24466450156250003 0.7570496890625 0.24466450156250003 0.71095238125 0.173300865625 0.751728778125
1 0.16496212187499998 0.6329399578125 0.1658874453125 0.6932298140625 0.242813853125 0.6666252593750001 0.23817640624999997 0.613436853125 0.16496212187499998 0.6329399578125
1 0.1584740265625 0.5159316765625 0.1621807359375 0.579751553125 0.23725108281249999 0.5655693578125 0.23540043281249998 0.5159316765625 0.1584740265625 0.5159316765625
1 0.15013528125 0.3935921328125 0.15476731562499998 0.455641821875 0.2316883109375 0.4609627328125 0.2289123375 0.40954451406250003 0.15013528125 0.3935921328125
1 0.13345238125 0.1347412015625 0.136233765625 0.1950207046875 0.2224242421875 0.2464389234375 0.21593614687499998 0.18614906874999998 0.13345238125 0.1347412015625
1 0.146428571875 0.26771221562499997 0.14549783593750001 0.338633540625 0.22427489218750002 0.354585921875 0.2224242421875 0.297846790625 0.146428571875 0.26771221562499997
1 0.4796875 0.453125 0.01171875 0.03359375
1 0.48125 0.5859375 0.0140625 0.03046875
31 0.2388095234375 0 0.251152596875 0.008850931250000001 0.2659794375 0.0478571421875 0.2696915578125 0.0514078671875 0.2752489171875 0.07977225624999999 0.2825025984375 0.0886954109375 0.277104978125 0.08154244375 0.2706168828125 0.049637681249999996 0.2669101734375 0.04608695625 0.251152596875 0.0070807453125 0.24079004375 0 0.2388095234375 0
31 0.5069480515625 0.1081469984375 0.5094288078125 0.1081469984375 0.5060173156250001 0.106366459375 0.5013852812499999 0.106366459375 0.5069480515625 0.1081469984375
31 0.516212121875 0.1081469984375 0.5094288078125 0.1081469984375 0.516212121875 0.1116873703125 0.5227511609375 0.11689559218750001 0.516212121875 0.1081469984375
31 0.3345616890625 0.140051759375 0.3169534625 0.1187784671875 0.3012012984375 0.11345755625000001 0.2919206078125 0.10117220625000001 0.3002705625 0.11345755625000001 0.3169534625 0.1205486546875 0.3336363640625 0.1418322984375 0.339199134375 0.1329606625 0.3595887453125 0.1485692203125 0.340124459375 0.1311904765625 0.3345616890625 0.140051759375
31 0.46616883124999997 0.1329606625 0.39665584374999996 0.124099378125 0.39579651718750003 0.1701966875 0.39665584374999996 0.1701966875 0.39665584374999996 0.125869565625 0.46338744531250003 0.1329606625 0.46431277031249996 0.16487577656250002 0.496753246875 0.1701966875 0.46616883124999997 0.16487577656250002 0.46616883124999997 0.1329606625
31 0.374415584375 0.1684265015625 0.3679274890625 0.15601449218750002 0.3677519890625 0.155857796875 0.374415584375 0.1701966875 0.3815205625 0.1701966875 0.374415584375 0.1684265015625
31 0.39573051875 0.173737059375 0.39579651718750003 0.1701966875 0.3815205625 0.1701966875 0.39573051875 0.173737059375
31 0.531044371875 0.109917184375 0.53752705625 0.109917184375 0.531044371875 0.1081469984375 0.525970159375 0.1194594640625 0.5273376625 0.1205486546875 0.531044371875 0.109917184375
31 0.5403084421875 0.109917184375 0.5458712125 0.1116873703125 0.55420995625 0.1116873703125 0.5810876625 0.1010455484375 0.5820129875 0.161335403125 0.5820129875 0.09750517656249999 0.5523593078125 0.109917184375 0.5403084421875 0.109917184375
31 0.6264989171875001 0.1152380953125 0.6960119046875 0.106366459375 0.6264989171875001 0.1116873703125 0.6088906921875 0.15955486562500001 0.6264989171875001 0.1152380953125
31 0.72103355 0.1347412015625 0.7182521640624999 0.143602484375 0.721958875 0.1365113875 0.7275216453125 0.1347412015625 0.72103355 0.1347412015625
31 0.7488365796875 0.15955486562500001 0.7312283546875 0.1577846796875 0.7284469703124999 0.1347412015625 0.7275216453125 0.1347412015625 0.7303030296874999 0.15955486562500001 0.7488365796875 0.15955486562500001
31 0.713527165625 0.15264161406250001 0.7154707796875 0.15246376875 0.7182521640624999 0.143602484375 0.713527165625 0.15264161406250001
31 0.6960119046875 0.15424430625000002 0.6960119046875 0.15601449218750002 0.71176406875 0.15601449218750002 0.713527165625 0.15264161406250001 0.6960119046875 0.15424430625000002
31 0.5820129875 0.16310559062500002 0.6088906921875 0.15955486562500001 0.5820129875 0.161335403125 0.5820129875 0.16310559062500002
3 0.2968019484375 1 0.365146103125 0.8988923390625001 0.40407467500000005 0.897122153125 0.40685065 0.9166149062500001 0.457824675 0.9201656312500001 0.46895021718749996 0.8740683234375 0.4911904765625 0.8811594203125 0.4930465375 0.9077536234375 0.5847943718749999 0.913074534375 0.5820129875 0.8829296062499999 0.5959145015625 0.8864803312499999 0.6088906921875 0.9272567281249999 0.7154707796875 0.9449896484375 0.72103355 0.8652070390625 0.7154707796875 0.8474741203124999 0.7154707796875 0.8332919249999999 0.707132034375 0.8226501031250001 0.707132034375 0.8013768109375 0.7154707796875 0.7907349890625001 0.7173268390625 0.7481884062499999 0.7126893937500001 0.7198240171875 0.7191774890625 0.7162732921875 0.72103355 0.6808178046875 0.7228841984375001 0.6223084890624999 0.734935065625 0.6187577640625 0.734935065625 0.581532090625 0.723814934375 0.57089026875 0.7284469703124999 0.47514492812500003 0.73771645 0.46983436875000006 0.738641775 0.421956521875 0.7321536796875 0.42018633593750004 0.73771645 0.32799171875 0.738641775 0.2730331265625 0.7451298703125 0.2553002078125 0.7488365796875 0.15955486562500001 0.7303030296874999 0.15955486562500001 0.7275216453125 0.1347412015625 0.721958875 0.1365113875 0.71176406875 0.15601449218750002 0.6960119046875 0.15601449218750002 0.6960119046875 0.106366459375 0.6264989171875001 0.1116873703125 0.6088906921875 0.15955486562500001 0.5820129875 0.161335403125 0.5810876625 0.1010455484375 0.55420995625 0.1116873703125 0.5458712125 0.1116873703125 0.5403084421875 0.109917184375 0.531044371875 0.109917184375 0.5273376625 0.1205486546875 0.516212121875 0.1116873703125 0.5060173156250001 0.106366459375 0.5013852812499999 0.106366459375 0.496753246875 0.1701966875 0.46431277031249996 0.16487577656250002 0.46338744531250003 0.1329606625 0.39665584374999996 0.125869565625 0.39665584374999996 0.1701966875 0.374415584375 0.1701966875 0.36700216406249997 0.15424430625000002 0.339199134375 0.1329606625 0.3336363640625 0.1418322984375 0.3169534625 0.1205486546875 0.3002705625 0.11345755625000001 0.2882251078125 0.0957349890625 0.2752489171875 0.07977225624999999 0.2696915578125 0.0514078671875 0.2659794375 0.0478571421875 0.251152596875 0.008850931250000001 0.2388095234375 0 0 0.0017598343749999999 0 0.172681159375 0 1 0.2968019484375 1
6 0.427240259375 0.8722981359374999 0.42168289999999997 0.8226501031250001 0.408706709375 0.792515528125 0.40685065 0.57089026875 0.46709415625000006 0.58684265 0.4902651515625 0.5549275359375 0.496753246875 0.5549275359375 0.4958225109375 0.492877846875 0.3994372296875 0.4840165625 0.400367965625 0.3421739125 0.3595887453125 0.3439441 0.3632954546875 0.2588405796875 0.400367965625 0.2623913046875 0.3938798703125 0.18260869531249999 0.34198051875 0.18437888125 0.34661255468749996 0.26062111875 0.2669101734375 0.210973084375 0.268760821875 0.2748033125 0.3512445890625 0.3226708078125 0.35402597343750003 0.5354347828125 0.27617424218750003 0.5549275359375 0.2798863640625 0.579751553125 0.357732684375 0.560248446875 0.35680735937499997 0.615217390625 0.2835930734375 0.631169771875 0.28451839843750004 0.6613146999999999 0.2968019484375 1 0.365146103125 0.8988923390625001 0.40407467500000005 0.897122153125 0.427240259375 0.8722981359374999
6 0.5653354984375001 0.5513871640625 0.5690422078124999 0.60457556875 0.5106547625 0.6028053828125 0.5125054109375 0.6737267078125 0.516212121875 0.7286853 0.4504112546875 0.725134575 0.4504112546875 0.7694616984375 0.408706709375 0.7623706 0.408706709375 0.792515528125 0.42168289999999997 0.8226501031250001 0.427240259375 0.8722981359374999 0.40407467500000005 0.897122153125 0.40685065 0.9166149062500001 0.457824675 0.9201656312500001 0.46895021718749996 0.8740683234375 0.4911904765625 0.8811594203125 0.4930465375 0.9077536234375 0.5847943718749999 0.913074534375 0.5820129875 0.8829296062499999 0.5959145015625 0.8864803312499999 0.6088906921875 0.9272567281249999 0.7154707796875 0.9449896484375 0.72103355 0.8652070390625 0.7154707796875 0.8474741203124999 0.7154707796875 0.8332919249999999 0.707132034375 0.8226501031250001 0.707132034375 0.8013768109375 0.7154707796875 0.7907349890625001 0.7173268390625 0.7481884062499999 0.7126893937500001 0.7198240171875 0.7191774890625 0.7162732921875 0.72103355 0.6808178046875 0.7228841984375001 0.6223084890624999 0.734935065625 0.6187577640625 0.734935065625 0.581532090625 0.723814934375 0.57089026875 0.7284469703124999 0.47514492812500003 0.73771645 0.46983436875000006 0.738641775 0.421956521875 0.7321536796875 0.42018633593750004 0.73771645 0.32799171875 0.681179653125 0.33685300156250003 0.67839826875 0.5691200828125 0.6042586578125 0.560248446875 0.5653354984375001 0.5513871640625
1 0.5857251078125 0.301397515625 0.5847943718749999 0.335082815625 0.5959145015625 0.335082815625 0.5986958875 0.3067184265625 0.5857251078125 0.301397515625
1 0.64318181875 0.2748033125 0.6441125546875 0.3120393375 0.6672781390625 0.3102587984375 0.6672781390625 0.2765734984375 0.64318181875 0.2748033125
1 0.6858171 0.2553002078125 0.6858171 0.3067184265625 0.73771645 0.3067184265625 0.738641775 0.25707039374999996 0.6858171 0.2553002078125
1 0.64318181875 0.1861283640625 0.6441125546875 0.230476190625 0.6709848484375 0.230476190625 0.6709848484375 0.18614906874999998 0.64318181875 0.1861283640625
1 0.5866504328125 0.22870600468750002 0.5866504328125 0.264161490625 0.5996266234375 0.264161490625 0.6005519484375 0.230476190625 0.5866504328125 0.22870600468750002
1 0.4796875 0.2484375 0.01328125 0.028125
1 0.434375 0.7375 0.0203125 0.03515625
1 0.261347403125 0.109917184375 0.2659794375 0.161335403125 0.34475649375 0.230476190625 0.34198051875 0.18437888125 0.261347403125 0.109917184375
1 0.27617424218750003 0.4077743265625 0.277104978125 0.45919254687500005 0.35310065 0.46273291875 0.3512445890625 0.42018633593750004 0.27617424218750003 0.4077743265625
1 0.278030303125 0.4946480328125 0.27617424218750003 0.5549275359375 0.35402597343750003 0.5354347828125 0.35402597343750003 0.49110766093749997 0.278030303125 0.4946480328125
1 0.6960119046875 0.17728778437499998 0.6941558437500001 0.21984472031250002 0.742348484375 0.21984472031250002 0.7442045453125 0.173737059375 0.6960119046875 0.17728778437499998
1 0.48046875 0.32265625 0.0140625 0.028125
1 0.59296875 0.3859375 0.01171875 0.03046875
1 0.653125 0.3734375 0.02578125 0.040625
1 0.65234375 0.45546875 0.0234375 0.03203125
1 0.64765625 0.52734375 0.02578125 0.040625
1 0.58984375 0.4546875 0.01171875 0.03046875
1 0.5890625 0.5203125 0.0109375 0.0265625
