6 0.4169913421875 0.5316459625000001 0.41945346250000004 0.5646169765625 0.468706709375 0.5655693578125 0.4667370125 0.528819875 0.4169913421875 0.5316459625000001
3 0.001266234375 0.1196480328125 0.001266234375 0.9519358171875 0.265773809375 0.7389855078124999 0.23411255468749997 0.25640786718749997 0.001266234375 0.1196480328125
3 1 0.20799171875 0.8826244593749999 0.2544513453125 0.843814934375 0.727256728125 1 0.8659420296875 1 0.38230848906250003 1 0.20799171875
3 0.4630519484375 0.7197412015625 0.46955086562500004 0.7073084890625 0.47310065 0.7208799171875 0.47841991406249995 0.708436853125 0.48018939375 0.68921325 0.47073593125 0.6711283640625 0.4725054109375 0.6406004140625 0.486098484375 0.6406004140625 0.479009740625 0.6213768109375 0.48669372343750006 0.6010248453125 0.49691558437500005 0.6185300203125 0.49319264062499996 0.59424430625 0.4914177484375 0.57049689375 0.5020562765625 0.5343167703125 0.50856060625 0.5320600421874999 0.5150595234375 0.5128364390625 0.5268831171875 0.492484471875 0.5363365796874999 0.481180125 0.5446103890625 0.4981366453125 0.5481547625000001 0.48457556874999996 0.554659090625 0.48457556874999996 0.5576136359375 0.511708075 0.5729816015625 0.5083126296875 0.5753463203125 0.5535403734375001 0.5871645015625 0.5535403734375001 0.5895292203125 0.6213768109375 0.6001677484375 0.647380953125 0.6131709953125 0.6326811593749999 0.620259740625 0.699389234375 0.635037878125 0.68921325 0.655719696875 0.67338509375 0.6639989171875 0.7163561078125 0.843814934375 0.727256728125 0.8206168828125 0.2832298140625 0.37380952343749996 0.291231884375 0.2662445890625 0.7197412015625 0.4630519484375 0.7197412015625
3 0.2662445890625 0.7197412015625 0.37380952343749996 0.291231884375 0.23411255468749997 0.25640786718749997 0.2662445890625 0.7197412015625
3 0.8206168828125 0.2832298140625 0.843814934375 0.727256728125 0.8826244593749999 0.2544513453125 0.8206168828125 0.2832298140625
6 0.2927380953125 0.3232194609375 0.23881493437499998 0.337287784375 0.2437175328125 0.3748033125 0.29518939375 0.3818322984375 0.2927380953125 0.3232194609375
6 0.248057359375 0.401625259375 0.247564934375 0.4411904765625 0.2923863640625 0.440248446875 0.291401515625 0.401625259375 0.248057359375 0.401625259375
6 0.251996753125 0.46569358125000004 0.252489178125 0.5024327125 0.295340909375 0.5014906828125001 0.29731060625 0.46380952343750004 0.251996753125 0.46569358125000004
6 0.2997727265625 0.282908903125 0.30125 0.3912525875 0.41403679687499995 0.39503105625 0.4110822515625 0.3149378875 0.2997727265625 0.282908903125
6 0.303219696875 0.3978571421875 0.3081439390625 0.528819875 0.4086201296875 0.5269358171875 0.41403679687499995 0.39503105625 0.303219696875 0.3978571421875
6 0.362813853125 0.5297619046875 0.36478354999999996 0.5683954453125 0.4110822515625 0.567453415625 0.4086201296875 0.5269358171875 0.362813853125 0.5297619046875
6 0.41157467499999995 0.40633540312500005 0.41354437187500004 0.4374223609375 0.4667370125 0.43836438906249997 0.465259740625 0.401625259375 0.41157467499999995 0.40633540312500005
6 0.41354437187500004 0.33944099375 0.41551406875 0.374296065625 0.465259740625 0.377122153125 0.46427489218750007 0.3356625265625 0.41354437187500004 0.33944099375
6 0.4667370125 0.3356625265625 0.46821428593750003 0.3790062109375 0.5228841984375 0.3780641828125 0.52189935 0.3328364390625 0.4667370125 0.3356625265625
1 0.2529816015625 0.530703934375 0.2529816015625 0.5599068328125 0.3042045453125 0.5608488609375 0.300757575 0.528819875 0.2529816015625 0.530703934375
1 0.2579112546875 0.5872360249999999 0.25988095312500004 0.61832298125 0.30223484843750004 0.6154968937499999 0.3027272734375 0.5872360249999999 0.2579112546875 0.5872360249999999
1 0.3120833328125 0.5891200828125001 0.3140584421875 0.6164389234375001 0.4125595234375 0.6154968937499999 0.4105898265625 0.5862939953125 0.3120833328125 0.5891200828125001
1 0.3081439390625 0.528819875 0.30991883124999997 0.5570807453125 0.3557251078125 0.5636749484375 0.35720238125 0.528819875 0.3081439390625 0.528819875
1 0.41352813906249997 0.4694616984375 0.41354437187500004 0.499606625 0.465746753125 0.5014492749999999 0.46624458906250005 0.46286749531250004 0.41352813906249997 0.4694616984375
1 0.417483765625 0.5891200828125001 0.4169913421875 0.6192650109375 0.4701839828125 0.6211490687500001 0.4672294375 0.5910041406250001 0.417483765625 0.5891200828125001
1 0.4716612546875 0.6164389234375001 0.49792207812499995 0.6157246375 0.4721536796875 0.5985403734375 0.4716612546875 0.6164389234375001
1 0.46899891718750003 0.528819875 0.47146103906250003 0.5608488609375 0.494117965625 0.5646169765625 0.502489178125 0.528819875 0.46899891718750003 0.528819875
1 0.4682629875 0.468602484375 0.46949134218750005 0.498436853125 0.517516234375 0.50078675 0.5187445890625 0.468602484375 0.4682629875 0.468602484375
1 0.46949134218750005 0.40499999999999997 0.471958875 0.4426915109375 0.52366883125 0.4419047625 0.5220292203125 0.40499999999999997 0.46949134218750005 0.40499999999999997
1 0.5257251078125 0.3366873703125 0.5294155843749999 0.376728778125 0.5860551953125 0.37595238124999997 0.5794913421875 0.3304037265625 0.5257251078125 0.3366873703125
1 0.5265422078124999 0.4026397515625 0.52366883125 0.4419047625 0.5794913421875 0.44346790937499997 0.5794913421875 0.4018633546875 0.5265422078124999 0.4026397515625
1 0.5268831171875 0.492484471875 0.5778463203124999 0.46937888125000005 0.5257251078125 0.47016563125 0.5268831171875 0.492484471875
1 0.5778463203124999 0.46937888125000005 0.5566666671875 0.4760559 0.5583116890625 0.50589026875 0.5759577921875 0.499606625 0.5778463203124999 0.46937888125000005
1 0.5975487015625001 0.33590062187499997 0.59795995625 0.3735921328125 0.6463906921875 0.371231884375 0.6484415578125 0.3374741203125 0.5975487015625001 0.33590062187499997
1 0.59426406875 0.40342650156250004 0.59426406875 0.4395445140625 0.6467965375 0.4395445140625 0.6484415578125 0.4026397515625 0.59426406875 0.40342650156250004
1 0.592624459375 0.46781573437499996 0.592624459375 0.5023602484375 0.6431060609375 0.503933746875 0.644334415625 0.4662422359375 0.592624459375 0.46781573437499996
1 0.5909794374999999 0.5321946171875 0.588928571875 0.5636024843749999 0.64187229375 0.5667391296875001 0.6414610390625 0.527484471875 0.5909794374999999 0.5321946171875
1 0.5897510828125 0.5863768109375 0.5895292203125 0.6213768109375 0.6357196968750001 0.620134575 0.6385930734375 0.5895134578125 0.5897510828125 0.5863768109375
1 0.643928571875 0.5903002078124999 0.644334415625 0.620134575 0.691536796875 0.620134575 0.6919480515624999 0.5910869562500001 0.643928571875 0.5903002078124999
1 0.6484415578125 0.5298447203125 0.6472077921875 0.5659627328125 0.6944101734375 0.5667391296875001 0.694821428125 0.5290579703125 0.6484415578125 0.5298447203125
1 0.6467965375 0.468602484375 0.6496699140625 0.503933746875 0.7009740265625 0.50628364375 0.69810065 0.46388198750000004 0.6467965375 0.468602484375
1 0.6525432906249999 0.40342650156250004 0.652132034375 0.44111801249999993 0.69810065 0.4403312625 0.702619046875 0.39950310624999996 0.6525432906249999 0.40342650156250004
1 0.6578787875 0.3374741203125 0.6554166671874999 0.377515528125 0.70508116875 0.37280538281250003 0.7058982687500001 0.33433747343750003 0.6578787875 0.3374741203125
1 0.715746753125 0.335921325 0.7141071421875 0.3790890265625 0.762949134375 0.37595238124999997 0.7633603890625 0.333550725 0.715746753125 0.335921325
1 0.710827921875 0.4026397515625 0.7091829 0.43719461718749997 0.7555627703125001 0.43875776406250006 0.7600757578125 0.4026397515625 0.710827921875 0.4026397515625
1 0.7079545453125 0.47173912968750004 0.7058982687500001 0.5070703937500001 0.7535119046875 0.5047101453125 0.7559740265625 0.46545548593749997 0.7079545453125 0.47173912968750004
1 0.7046699140625 0.5298447203125 0.7009740265625 0.569099378125 0.7227272734375 0.5667391296875001 0.72518939375 0.527484471875 0.7046699140625 0.5298447203125
1 0.72888528125 0.53062111875 0.727240259375 0.5667391296875001 0.7489935062499999 0.5683126296875 0.7502272734375001 0.5282712218750001 0.72888528125 0.53062111875
1 0.7009740265625 0.594223603125 0.699334415625 0.6224948234375 0.7235497828125 0.6240579703125 0.7223160171874999 0.5950103515625 0.7009740265625 0.594223603125
1 0.7239610390625 0.5910869562500001 0.7235497828125 0.6240579703125 0.7448917749999999 0.6209213250000001 0.746942640625 0.5910869562500001 0.7239610390625 0.5910869562500001
1 0.7572023812500001 0.5903002078124999 0.7559740265625 0.6224948234375 0.77649350625 0.6248447203125 0.7777272734375 0.5910869562500001 0.7572023812500001 0.5903002078124999
1 0.7777272734375 0.5910869562500001 0.7791233765625 0.622877846875 0.797591990625 0.6197412015625 0.8008712125 0.5883333328125 0.7777272734375 0.5910869562500001
1 0.762132034375 0.5321946171875 0.758847403125 0.5636024843749999 0.7797781390625 0.5636024843749999 0.784291125 0.5353416156249999 0.762132034375 0.5321946171875
1 0.7814177484375 0.5329813671875 0.7797781390625 0.5636024843749999 0.79948051875 0.5651759828125 0.8060443718749999 0.5282712218750001 0.7814177484375 0.5329813671875
1 0.7674675328125 0.47095238124999994 0.7654112546875 0.503933746875 0.7834740265625 0.5047101453125 0.7838798703125 0.46937888125000005 0.7674675328125 0.47095238124999994
1 0.7896266234375 0.468602484375 0.7879870125 0.5031469984375 0.8072781390625 0.5023602484375 0.8097402593749999 0.463105590625 0.7896266234375 0.468602484375
1 0.794550865625 0.40342650156250004 0.7916774890625 0.43719461718749997 0.8126136359375 0.4379710140625 0.8158928578125 0.40028985468749995 0.794550865625 0.40342650156250004
1 0.771158009375 0.4026397515625 0.769929653125 0.4379710140625 0.78839826875 0.4379710140625 0.7892153671875 0.39950310624999996 0.771158009375 0.4026397515625
1 0.7756709953125001 0.332763975 0.773208875 0.37437888125 0.7888095234375 0.3720186328125 0.7929112546875 0.333550725 0.7756709953125001 0.332763975
1 0.8011201296875001 0.33983436875 0.7990692640625 0.371231884375 0.817537878125 0.37280538281250003 0.8208225109375 0.333550725 0.8011201296875001 0.33983436875
1 0.8179491343749999 0.527484471875 0.8154870125 0.562815734375 0.8323106062500001 0.5651759828125 0.8355952375 0.526697721875 0.8179491343749999 0.527484471875
1 0.841341990625 0.5298447203125 0.8372402593749999 0.5659627328125 0.8552976187500001 0.562815734375 0.8565259734374999 0.5282712218750001 0.841341990625 0.5298447203125
1 1 0.69733954375 0.9993290046875 0.6608281578125 0.966266234375 0.6488405796875 0.9611363640624999 0.6793685296875001 1 0.7070496890625 1 0.69733954375
1 1 0.5736231890625 0.9998971859375001 0.5703209109375 0.9765259734375 0.5626811593750001 0.9713961031249999 0.60957556875 1 0.6240372671875 1 0.5736231890625
1 1 0.4914389234375 0.9998971859375001 0.48143892343749994 0.9870725109375 0.48307453437500003 0.980232684375 0.5316045546875 1 0.536397515625 1 0.4914389234375
3 0.8826244593749999 0.2544513453125 1 0.20799171875 0.8919209953125 0.199554865625 0.8826244593749999 0.2544513453125
26 0 0 0 0.08175983437499999 0.001266234375 0.1196480328125 0.23411255468749997 0.25640786718749997 0.2953896109375 0.27008281562500003 0.37380952343749996 0.291231884375 0.8206168828125 0.2832298140625 0.8826244593749999 0.2544513453125 0.8887554109375 0.20951345781250003 1 0.20799171875 1 0 0 0
26 1 0.8716356109375001 0.843814934375 0.727256728125 0.471482684375 0.72391304375 0.273901515625 0.727091096875 0.001266234375 0.9519358171875 0.0001677484375 1 1 1 1 0.8716356109375001
26 0.620259740625 0.699389234375 0.6131709953125 0.6326811593749999 0.6001677484375 0.647380953125 0.5895292203125 0.6213768109375 0.5871645015625 0.5535403734375001 0.5753463203125 0.5535403734375001 0.5729816015625 0.5083126296875 0.5576136359375 0.511708075 0.554659090625 0.48457556874999996 0.5481547625000001 0.48457556874999996 0.5446103890625 0.4981366453125 0.5363365796874999 0.481180125 0.5268831171875 0.492484471875 0.5150595234375 0.5128364390625 0.50856060625 0.5320600421874999 0.5020562765625 0.5343167703125 0.4914177484375 0.57049689375 0.49319264062499996 0.59424430625 0.49691558437500005 0.6185300203125 0.48669372343750006 0.6010248453125 0.479009740625 0.6213768109375 0.486098484375 0.6406004140625 0.4725054109375 0.6406004140625 0.47073593125 0.6711283640625 0.48018939375 0.68921325 0.47841991406249995 0.708436853125 0.4734307359375 0.7191407875 0.47310065 0.7208799171875 0.6655140687500001 0.72385093125 0.655719696875 0.67338509375 0.635037878125 0.68921325 0.620259740625 0.699389234375
