3 0.2310227265625 0.5198033125 0.244659090625 0.5679503109375 0.2834577921875 0.588012421875 0.30548160156250004 0.646200828125 0.3096807359375 0.6602380953125 0.340091990625 0.6803002078125 0.378896103125 0.7224327125000001 0.391482684375 0.7424948234375 0.42608766249999996 0.7224327125000001 0.4502110390625 0.8006832296875 0.4837716453125 0.816728778125 0.5288636359375001 0.846821946875 0.57606060625 0.874917184375 0.6012283546875 0.9130331265624999 0.633739178125 0.8628778468749999 0.6463257578125 0.8849482406250001 0.654713203125 0.9631884062499999 0.6767370125000001 0.97924430625 0.7239285718749999 0.874917184375 0.739659090625 0.196790890625 0.6536634203125 0.086449275 0.19221861406250002 0.32118012500000004 0.197462121875 0.52983436875 0.2152922078125 0.5218115937500001 0.2310227265625 0.5198033125
1 0.6547240265625 0.9089130437499999 0.6550757578125 0.9545962734375 0.6803625546875 0.8954761906250001 0.68317640625 0.8544824015625 0.6547240265625 0.9089130437499999
26 0 0 0 1 0.013300865625 1 0.197462121875 0.52983436875 0.19221861406250002 0.32118012500000004 0.6536634203125 0.086449275 0.739659090625 0.196790890625 0.7239285718749999 0.874917184375 0.6767370125000001 0.97924430625 0.72491883125 1 1 1 1 0 0 0
26 0.72491883125 1 0.6767370125000001 0.97924430625 0.654713203125 0.9631884062499999 0.6463257578125 0.8849482406250001 0.633739178125 0.8628778468749999 0.6012283546875 0.9130331265624999 0.57606060625 0.874917184375 0.5288636359375001 0.846821946875 0.4837716453125 0.816728778125 0.4502110390625 0.8006832296875 0.42608766249999996 0.7224327125000001 0.391482684375 0.7424948234375 0.378896103125 0.7224327125000001 0.340091990625 0.6803002078125 0.3096807359375 0.6602380953125 0.30548160156250004 0.646200828125 0.2834577921875 0.588012421875 0.244659090625 0.5679503109375 0.2310227265625 0.5198033125 0.2152922078125 0.5218115937500001 0.197462121875 0.52983436875 0.013300865625 1 0.72491883125 1
1 0.6438365796875 0.8255900625000001 0.64524350625 0.8719565218750001 0.68247294375 0.8161904765625 0.6821212125 0.7852795031250001 0.6438365796875 0.8255900625000001
1 0.7056547625 0.662318840625 0.7024945890625001 0.7066666671874999 0.7281331171875001 0.6737474125 0.72883116875 0.635445134375 0.7056547625 0.662318840625
1 0.6473484843749999 0.7274948234374999 0.64454004375 0.7772153203125 0.6852813859375 0.7274948234374999 0.684929653125 0.6892028984375 0.6473484843749999 0.7274948234374999
1 0.4664718609375 0.7281677015625 0.46752705624999996 0.7664699796875001 0.525476190625 0.8034265015625 0.5244209953125 0.7610973078125001 0.4664718609375 0.7281677015625
1 0.4654166671875 0.5796790890625 0.46471861406250004 0.6146169765625 0.5286363640625 0.6408178046875 0.5275865796875 0.6011801250000001 0.4654166671875 0.5796790890625
1 0.54268939375 0.6898757765625 0.5419859312499999 0.7389233953125001 0.5588419906250001 0.7456418218749999 0.5598971859375 0.69792960625 0.54268939375 0.6898757765625
6 0.5435660171875 0.24379917187500003 0.541807359375 0.2915010359375 0.5614772734375 0.2921739125 0.5614772734375 0.2377536234375 0.5435660171875 0.24379917187500003
6 0.5416774890625 0.33634575624999996 0.5437012984375 0.3885921328125 0.56089826875 0.39052794999999996 0.5634253250000001 0.328602484375 0.5416774890625 0.33634575624999996
6 0.54187770625 0.5996997921875 0.5394209953125 0.6521118015625 0.5611958875 0.6554658390625 0.5611958875 0.6104554859375 0.54187770625 0.5996997921875
6 0.7014718609374999 0.734554865625 0.69795995625 0.8601966875 0.725708875 0.8084575562499999 0.727462121875 0.701625259375 0.7014718609374999 0.734554865625
6 0.6529058437499999 0.19759834375000002 0.6480519484375 0.6991718421875001 0.7305898265625 0.6295031062499999 0.7354437234375 0.26958592187499997 0.6529058437499999 0.19759834375000002
