3 0 0.77338509375 0.287786796875 0.7129192546875001 0.6448971859375 0.7063250515624999 0.59486471875 0.6370186328125 0.5707142859375 0.5759627328125 0.5724404765625 0.4868530015625 0.5896915578125 0.47530020781250004 0.5603625546875 0.41589026875 0.566401515625 0.35483436875 0.6431709953125 0.3383333328125 0.7001028140625001 0.308633540625 0.7346049781249999 0.306977225 0.781185065625 0.3003830234375 0.79670995625 0.1667184265625 0.7984361468750001 0.1452691515625 0.17564934999999998 0.3614389234375 0.1506331171875 0.5264492749999999 0 0.487515528125 0 0.77338509375
1 0.43178030312500004 0.4926397515625 0.391347403125 0.498374740625 0.38984848437499997 0.55089026875 0.42928571406250005 0.5518530015625001 0.43178030312500004 0.4926397515625
1 0.387353896875 0.45157349843750005 0.3888528140625 0.40191511406249997 0.358901515625 0.40478260937500005 0.354908009375 0.45253623125000003 0.387353896875 0.45157349843750005
1 0.3464177484375 0.4577536234375 0.3479166671875 0.4080952375 0.3179653671875 0.41096273281249995 0.3139718609375 0.4587060046875 0.3464177484375 0.4577536234375
1 0.2984956703125 0.5627950312500001 0.2999945890625 0.5131366453124999 0.270043290625 0.516004140625 0.2660497828125 0.5637577640625 0.2984956703125 0.5627950312500001
1 0.38984848437499997 0.6110559 0.3853571421875 0.67312629375 0.427786796875 0.6750414078125 0.427786796875 0.6091407875 0.38984848437499997 0.6110559
1 0.4487554109375 0.485 0.44476190468750004 0.5461180125 0.4836958875 0.5480331265625 0.48569264062500006 0.488819875 0.4487554109375 0.485
1 0.49567099531250003 0.4849896484375 0.503165584375 0.5431987578124999 0.5420995671875 0.542236025 0.541071428125 0.4782608703125 0.49567099531250003 0.4849896484375
1 0.55209415625 0.256956521875 0.55209415625 0.3142546578125 0.7883712125 0.2474120078125 0.7933658015625 0.1829503109375 0.55209415625 0.256956521875
1 0.27253787812499997 0.47398550781250004 0.27403679687500004 0.42432712187500005 0.2440854984375 0.4271946171875 0.240091990625 0.474948240625 0.27253787812499997 0.47398550781250004
1 0.4996699140625 0.607236025 0.4981709953125 0.6750414078125 0.54709415625 0.6798136640625 0.546590909375 0.6034161484375 0.4996699140625 0.607236025
1 0.44276515156249996 0.6091407875 0.4407683984375 0.67312629375 0.4836958875 0.67789855 0.4841937234375 0.60628364375 0.44276515156249996 0.6091407875
1 0.240091990625 0.48449275312499995 0.241590909375 0.43483436875 0.2116396109375 0.4377018640625 0.207646103125 0.48544513437500003 0.240091990625 0.48449275312499995
1 0.3084794375 0.4682608703125 0.3099783546875 0.41860248437500003 0.28002705625 0.4214699796875 0.27603355 0.46921324999999997 0.3084794375 0.4682608703125
1 0.37037878750000003 0.6659316765625001 0.37187770625 0.6162732921875 0.34192640625 0.6191407875 0.3379329 0.666894409375 0.37037878750000003 0.6659316765625001
1 0.3354383109375 0.5627950312500001 0.33693181875 0.5131366453124999 0.30698593125 0.516004140625 0.302992425 0.5637577640625 0.3354383109375 0.5627950312500001
1 0.20864177499999997 0.49022774374999994 0.21014069218749998 0.44056935781249995 0.18018939375 0.44342650156249996 0.17619588749999998 0.49118012499999997 0.20864177499999997 0.49022774374999994
1 0.3808603890625 0.5522981359375 0.3823593078125 0.5026397515625 0.352408009375 0.50549689375 0.3484145015625 0.5532505171875 0.3808603890625 0.5522981359375
26 1 0.141366459375 0.7984361468750001 0.1452691515625 0.79670995625 0.1667184265625 0.781185065625 0.3003830234375 0.7346049781249999 0.306977225 0.7001028140625001 0.308633540625 0.6431709953125 0.3383333328125 0.566401515625 0.35483436875 0.5603625546875 0.41589026875 0.5896915578125 0.47530020781250004 0.5724404765625 0.4868530015625 0.5707142859375 0.5759627328125 0.59486471875 0.6370186328125 0.6448971859375 0.7063250515624999 0.287786796875 0.7129192546875001 0 0.77338509375 0 1 1 1 1 0.141366459375
1 0.20066017343749998 0.371366459375 0.19167748906249998 0.40860248437499996 0.2146374453125 0.4057349890625 0.22062770625 0.362763975 0.20066017343749998 0.371366459375
1 0.23310606093750003 0.3646480328125 0.224117965625 0.40188405781250003 0.2470833328125 0.39902691562500003 0.25307359375 0.3560559 0.23310606093750003 0.3646480328125
1 0.2650541125 0.3550931671875 0.2560660171875 0.39233954375 0.2790313859375 0.38947205 0.28502164531249996 0.3465010359375 0.2650541125 0.3550931671875
1 0.2970021640625 0.343633540625 0.28801406875 0.38087991718750003 0.3109794375 0.378012421875 0.316969696875 0.3350414078125 0.2970021640625 0.343633540625
1 0.33293831093750004 0.3321739125 0.323955628125 0.36942029062500004 0.346915584375 0.36655279531249996 0.35290584375 0.32358178125000003 0.33293831093750004 0.3321739125
1 0.37437229375 0.3188095234375 0.3653896109375 0.3560559 0.3883495671875 0.35318840625000003 0.3943398265625 0.310217390625 0.37437229375 0.3188095234375
1 0.4043290046875 0.30548654218750004 0.4058225109375 0.3503209109375 0.43728354999999997 0.342650103125 0.438257575 0.2930641828125 0.4043290046875 0.30548654218750004
1 0.4003354984375 0.4028674953125 0.40182900468750005 0.447712215625 0.43329004375 0.44003105624999994 0.43426406875 0.390445134375 0.4003354984375 0.4028674953125
1 0.4502543296875 0.39714285781249997 0.45174783593749995 0.44197722500000003 0.483208875 0.43430641875 0.48418289999999997 0.384720496875 0.4502543296875 0.39714285781249997
1 0.45125541093750005 0.2940062109375 0.4527489171875 0.3388405796875 0.48420995624999996 0.331169771875 0.48518398281249997 0.2815838515625 0.45125541093750005 0.2940062109375
1 0.5051677484375 0.276821946875 0.5066612546875 0.3216563140625 0.53812229375 0.3139855078125 0.5390963203125 0.2643995859375 0.5051677484375 0.276821946875
1 0.5026677484375 0.3847308484375 0.5041612546875001 0.4295652171875 0.53562229375 0.421894409375 0.5365963203125 0.3723084890625 0.5026677484375 0.3847308484375
26 0 0 0 0.487515528125 0.1506331171875 0.5264492749999999 0.17564934999999998 0.3614389234375 0.7984361468750001 0.1452691515625 1 0.141366459375 1 0 0 0
