1 0.6734375 0.38984375 0.0640625 0.07734375
1 0.5078125 0.5359375 0.06171875 0.0984375
1 0.590625 0.3875 0.059375 0.0796875
1 0.62109375 0.69453125 0.03828125 0.0453125
1 0.603125 0.540625 0.06875 0.10234375
1 0.28359375 0.70546875 0.0453125 0.0921875
1 0.4140625 0.53125 0.0671875 0.09609375
1 0.509375 0.2359375 0.0484375 0.13046875
1 0.42421875 0.384375 0.0578125 0.08046875
1 0.5078125 0.3875 0.05625 0.07109375
1 0.17890625 0.7015625 0.05234375 0.08359375
1 0.6375 0.19296875 0.04296875 0.040625
1 0.34453125 0.38203125 0.05859375 0.07421875
1 0.22890625 0.5296875 0.075 0.09765625
1 0.5734375 0.19296875 0.0421875 0.0359375
1 0.31796875 0.53046875 0.07578125 0.10078125
