26 0.9230248921875001 0 0.6696266234375 0.32065217343749997 0.66931818125 0.326987578125 0.6732629875 0.668302278125 0.7083874453125001 0.6758799171875001 0.710476190625 0.754658384375 1 0.9821325046875 1 0 0.9230248921875001 0
26 0.0760389609375 0 0.2700487015625 0.1430331265625 0.2785876625 0.1459420296875 0.2779978359375 0.1578053828125 0.329280303125 0.180672878125 0.335963203125 0.17230848906250001 0.478041125 0.23319875781250002 0.478041125 0.242184265625 0.5439339828125 0.272122153125 0.5515151515625 0.2674948234375 0.6413528140625 0.30734989687500003 0.6586471859375 0.32496894374999996 0.6649512984375 0.3193995859375 0.6696266234375 0.32065217343749997 0.936401515625 0.0133954453125 0.9230248921875001 0 0.0760389609375 0
26 0.5865800859375 0.567287784375 0.5903679656249999 0.5641821953124999 0.5941558437500001 0.5579710140625 0.5968614718749999 0.5569358171875 0.5984848484375 0.553830228125 0.6017316015625 0.551759834375 0.6233766234375 0.553830228125 0.6298701296875 0.5590062109375 0.6396103890625 0.5590062109375 0.64393939375 0.554865425 0.6520562765625 0.5507246375 0.6617965375 0.551759834375 0.6655844156249999 0.553830228125 0.674242425 0.553830228125 0.6758658015625 0.5507246375 0.6758658015625 0.5455486546875 0.674242425 0.5424430640625 0.6677489171875 0.5424430640625 0.6585497828125 0.5393374734374999 0.6493506499999999 0.5393374734374999 0.641233765625 0.5434782609375 0.6396103890625 0.5465838515625 0.6320346328124999 0.547619046875 0.625541125 0.5424430640625 0.5995671 0.5403726703125 0.5957792203125 0.5424430640625 0.5941558437500001 0.5455486546875 0.5898268390625 0.5486542437499999 0.5871212124999999 0.553830228125 0.5844155843750001 0.554865425 0.5822510828125 0.5590062109375 0.5822510828125 0.5641821953124999 0.583874459375 0.567287784375 0.5865800859375 0.567287784375
26 0.5920995671875 0.6596273296875 0.59426406875 0.6635610765625 0.59307359375 0.6645962734374999 0.60670995625 0.734161490625 0.60606060625 0.739130434375 0.6076839828125 0.739130434375 0.60624098125 0.7456866796875 0.60606060625 0.778467909375 0.6066017312499999 0.7857142859375 0.6082251078125 0.788819875 0.6103896109375 0.788819875 0.6120129875 0.7857142859375 0.6125541125 0.7639751546875 0.609632034375 0.7490683234375 0.6095779218749999 0.74430641875 0.6125541125 0.742236025 0.6111111109375 0.7191166328125 0.6120129875 0.7153209109375 0.6108104859375 0.7138256265625 0.6120129875 0.70910973125 0.6105098609375 0.7085346218749999 0.6120129875 0.70289855 0.6109307359375 0.6977225671875 0.609908609375 0.6979526109374999 0.609607984375 0.69266160625 0.6103896109375 0.6915113875000001 0.60579004375 0.6682194609375001 0.608766234375 0.6666666671875 0.6076839828125 0.65838509375 0.60606060625 0.6521739125 0.5984848484375 0.63871635625 0.5946969703125 0.6366459625 0.5898268390625 0.6366459625 0.5882034625 0.639751553125 0.5882034625 0.6449275359375 0.5927489171875 0.6589026921875 0.5920995671875 0.6596273296875
26 0.6049783546875 0.3146997921875 0.6120129875 0.325051759375 0.6325757578125 0.3436853 0.6401515156250001 0.3540372671875 0.6433982687500001 0.3540372671875 0.6520562765625 0.36128364375 0.6580086578125 0.3695652171875 0.6617965375 0.3726708078125 0.6666666671875 0.38302277500000004 0.66937229375 0.38302277500000004 0.6709956703125 0.379917184375 0.6709956703125 0.3747412015625 0.666125540625 0.36438923437500004 0.6542207796875 0.34989647968750004 0.6477272734375 0.3436853 0.6423160171875 0.342650103125 0.6352813859374999 0.3322981359375 0.6304112546875 0.329192546875 0.615259740625 0.3146997921875 0.609307359375 0.3053830234375 0.6001082249999999 0.2981366453125 0.5968614718749999 0.293995859375 0.5925324671875 0.29296066249999997 0.5909090906250001 0.296066253125 0.5909090906250001 0.3012422359375 0.59307359375 0.3053830234375 0.6049783546875 0.3146997921875
6 0.27545995625 0.26542443125 0.2745292203125 0.3215010359375 0.33176948125 0.33797101406249996 0.333165584375 0.2845652171875 0.27545995625 0.26542443125
1 0.2731331171875 0.39049689375 0.2726677484375 0.42254658437500003 0.329675325 0.431004140625 0.331071428125 0.403405796875 0.2731331171875 0.39049689375
1 0.5535064937499999 0.473737059375 0.55187770625 0.4492546578125 0.5172077921875 0.44302277500000004 0.5172132031250001 0.48531055937499995 0.5353571421875001 0.48798136718749996 0.5353571421875001 0.46928571406249997 0.5535064937499999 0.473737059375
1 0.5179112546875 0.492877846875 0.5179112546875 0.5164699796875001 0.551645021875 0.5191407875 0.5525757578125 0.49599378906249997 0.5179112546875 0.492877846875
1 0.4757954546875 0.48531055937499995 0.47626082187499996 0.5097929609375 0.515119046875 0.51424430625 0.5148863640625 0.4893167703125 0.4757954546875 0.48531055937499995
1 0.4757954546875 0.5396169765625001 0.47626082187499996 0.5649792953125 0.5148863640625 0.566759834375 0.5141883109375 0.54095238125 0.4757954546875 0.5396169765625001
1 0.47486471874999997 0.5916873703125 0.47602813906249997 0.6228467906249999 0.5162824671874999 0.6197308484375 0.5144209953125001 0.59391304375 0.47486471874999997 0.5916873703125
1 0.44508116875 0.5988095234374999 0.444848484375 0.627743271875 0.46160173125000004 0.6264078671875 0.4609036796875 0.5974741203125 0.44508116875 0.5988095234374999
1 0.444848484375 0.5396169765625001 0.4443831171875 0.5680952375 0.4611363640625 0.5694306421875 0.4609036796875 0.54184265 0.444848484375 0.5396169765625001
1 0.41715909062499995 0.5387267078125 0.41692640625 0.5663147000000001 0.4273971859375 0.566759834375 0.42693181874999997 0.5400621125 0.41715909062499995 0.5387267078125
1 0.3908712125 0.25385093125 0.390638528125 0.2827846796875 0.4015692640625 0.28679089062499996 0.4025 0.2578571421875 0.3908712125 0.25385093125
1 0.418787878125 0.26542443125 0.41902056249999997 0.2925776390625 0.43018939375 0.2974741203125 0.429956709375 0.2685403734375 0.418787878125 0.26542443125
1 0.419253246875 0.3188405796875 0.418787878125 0.34420289843749996 0.429956709375 0.34731884062499996 0.42972402656249997 0.3223913046875 0.419253246875 0.3188405796875
1 0.4183225109375 0.3731366453125 0.41855519531249996 0.40385093124999993 0.42925865781250006 0.4060766046875 0.4294913421875 0.375807453125 0.4183225109375 0.3731366453125
1 0.44508116875 0.48575569375 0.44461580156249997 0.51424430625 0.4611363640625 0.5155797093750001 0.46160173125000004 0.48753623125 0.44508116875 0.48575569375
1 0.417624459375 0.4821946171875 0.417391775 0.5115734984375 0.42832792187499996 0.51246376875 0.42856060625000003 0.4835300203125 0.417624459375 0.4821946171875
1 0.3883116890625 0.42254658437500003 0.3883116890625 0.45148033125 0.3999404765625 0.452815734375 0.40087121249999996 0.4238819875 0.3883116890625 0.42254658437500003
1 0.388544371875 0.477743271875 0.3878463203125 0.5075672875 0.3994751078125 0.5097929609375 0.3999404765625 0.48041407812500003 0.388544371875 0.477743271875
1 0.386915584375 0.535610765625 0.38714826874999997 0.5649792953125 0.398544371875 0.56720496875 0.3999404765625 0.535610765625 0.386915584375 0.535610765625
1 0.3864502171875 0.6566770187500001 0.386915584375 0.6851656312500001 0.399242425 0.685610765625 0.399009740625 0.6544513453125 0.3864502171875 0.6566770187500001
1 0.3473593078125 0.6589026921875 0.3471266234375 0.6891718421874999 0.36690476250000004 0.6878364390625 0.36806818125 0.657122153125 0.3473593078125 0.6589026921875
1 0.270340909375 0.5841200828125 0.26964285781249997 0.627743271875 0.32920995625 0.628633540625 0.32851190468749997 0.585900621875 0.270340909375 0.5841200828125
1 0.26731601718750003 0.7194409937499999 0.2675541125 0.75549689375 0.32641774843750004 0.7479296062499999 0.32758116875 0.714099378125 0.26731601718750003 0.7194409937499999
1 0.268246753125 0.6526708078125 0.267786796875 0.6811594203125 0.3280465375 0.6798240171875001 0.32851190468749997 0.65089026875 0.268246753125 0.6526708078125
6 0.49696969687500003 0.6464389234375 0.49696969687500003 0.69095238125 0.5360551953125 0.6873913046875 0.5353571421875001 0.64332298125 0.49696969687500003 0.6464389234375
6 0.22776515156250002 0.36628364375 0.23055735937500002 0.416138715625 0.24451839843749998 0.41141821875 0.24568181875 0.308861284375 0.22869588749999997 0.3101966875 0.22776515156250002 0.36628364375
6 0.2254383109375 0.5244824015625 0.2421915578125 0.522256728125 0.24451839843749998 0.41141821875 0.22101731562500002 0.41898550781250005 0.2254383109375 0.5244824015625
6 0.2291612546875 0.6339751546875 0.21473484843750001 0.6424327125 0.2163636359375 0.7034161484375 0.23567640625 0.7029710140625001 0.23986471874999998 0.5850103515625 0.230324675 0.5854554859375 0.2291612546875 0.6339751546875
6 0.2710389609375 0.5218115937500001 0.26941017343749996 0.5649792953125 0.3289772734375 0.5640890265625 0.32990800937500003 0.5231469984375 0.2710389609375 0.5218115937500001
6 0.27127164531250003 0.4541511390625 0.27127164531250003 0.5155797093750001 0.3301406921875 0.5160248453125 0.3303733765625 0.46260869531250004 0.27127164531250003 0.4541511390625
6 0.3822619046875 0.5244824015625 0.39040584375 0.45904761875 0.3824945890625 0.44880952343749997 0.3413095234375 0.4541511390625 0.3413095234375 0.4634989640625 0.3415422078125 0.587681159375 0.381098484375 0.5890165625 0.3824945890625 0.5645341609375001 0.3822619046875 0.5244824015625
6 0.446179653125 0.2761076609375 0.44534090937500004 0.4080331265625 0.462651515625 0.412846790625 0.46293290000000004 0.2803830234375 0.446179653125 0.2761076609375
6 0.51486471875 0.43634575625 0.5154220781250001 0.2937267078125 0.4763365796875 0.2803830234375 0.4763365796875 0.4101759828125 0.4953192640625 0.412846790625 0.4953192640625 0.4326086953125 0.51486471875 0.43634575625
3 0.22899350625 0.26279503125 0.23001082187500002 0.2647308484375 0.22960497812499997 0.316449275 0.237732684375 0.31684265 0.237732684375 0.3545134578125 0.23421536718749997 0.355134575 0.2276136359375 0.3681677015625 0.2279383109375 0.369948240625 0.23712662343750002 0.369948240625 0.23633116875 0.40995859218749997 0.234361471875 0.41031055937499994 0.23015151562499997 0.416728778125 0.2292153671875 0.419606625 0.2317370125 0.4201552796875 0.23033549843749998 0.44305382968749996 0.226125540625 0.448964803125 0.2255790046875 0.45269151093750004 0.2223051953125 0.454327121875 0.22541666718750003 0.4796790890625 0.22439935000000003 0.4866356109375 0.22439935000000003 0.5114078671875 0.2239123375 0.53049689375 0.221574675 0.5595445140625 0.22110930781250002 0.5836128359375 0.2295616890625 0.585869565625 0.2287283546875 0.6370393375 0.22110930781250002 0.6428674953125 0.2122889609375 0.673633540625 0.21551948125 0.7160869562500001 0.2253354984375 0.730672878125 0.2253354984375 0.7825051765625 0.2559036796875 0.8187784671875 0.328463203125 0.8036542437499999 0.36698051875000004 0.8422670812499999 0.43232683906249997 0.825082815625 0.4522456703125 0.842184265625 0.549604978125 0.8161387156250001 0.544929653125 0.79552795 0.5764339828125 0.7881366453124999 0.6576731609375 0.7608799171875 0.6648863640625 0.776004140625 0.696293290625 0.7675672875 0.710476190625 0.754658384375 0.7083874453125001 0.6758799171875001 0.6732629875 0.668302278125 0.66931818125 0.326987578125 0.6696266234375 0.32065217343749997 0.6649512984375 0.3193995859375 0.6586471859375 0.32496894374999996 0.6413528140625 0.30734989687500003 0.5515151515625 0.2674948234375 0.5439339828125 0.272122153125 0.478041125 0.242184265625 0.478041125 0.23319875781250002 0.335963203125 0.17230848906250001 0.329280303125 0.180672878125 0.2779978359375 0.1578053828125 0.2785876625 0.1459420296875 0.2700487015625 0.1430331265625 0.2399675328125 0.22740165625 0.24037337656250002 0.24606625312500002 0.2361093078125 0.2449068328125 0.22899350625 0.26279503125
1 0.276158009375 0.20444099375000002 0.2763906921875 0.233819875 0.333165584375 0.253405796875 0.3340963203125 0.22625258750000002 0.276158009375 0.20444099375000002
1 0.383192640625 0.29213250468749996 0.350151515625 0.281004140625 0.343869046875 0.287681159375 0.3445671 0.32639751562499997 0.3508495671875 0.318830228125 0.3827272734375 0.3299585921875 0.383192640625 0.29213250468749996
1 0.38435606093749997 0.23871635625 0.3508495671875 0.22358178125 0.34503246718749997 0.23248447187500001 0.34503246718749997 0.258302278125 0.3503841984375 0.2507349890625 0.383658009375 0.26542443125 0.38435606093749997 0.23871635625
1 0.351314934375 0.415869565625 0.351314934375 0.43857142812500005 0.372023809375 0.4416873703125 0.372023809375 0.4194306421875 0.351314934375 0.415869565625
1 0.5400108218749999 0.64332298125 0.5402435062500001 0.6678053828125 0.5537391781250001 0.6682505171875001 0.5539718609375 0.642877846875 0.5400108218749999 0.64332298125
1 0.51698051875 0.5948033125000001 0.5167478359375 0.615279503125 0.5528084421874999 0.6175051765624999 0.5528084421874999 0.595248446875 0.51698051875 0.5948033125000001
1 0.5181439390625 0.54273291875 0.517678571875 0.5640890265625 0.5525757578125 0.5685403734375 0.5523430734375 0.543178053125 0.5181439390625 0.54273291875
1 0.5181439390625 0.3936128359375 0.5183766234375 0.41542443125000006 0.551179653125 0.423436853125 0.5523430734375 0.403405796875 0.5181439390625 0.3936128359375
1 0.5355898265625 0.353550725 0.5355898265625 0.37447205 0.5514123375 0.37847826093750003 0.551645021875 0.3571118015625 0.5355898265625 0.353550725
6 0.527213203125 0.30148033125 0.5172077921875 0.2970289859375 0.5174458875 0.3210559 0.5344264062499999 0.3286231890625 0.534891775 0.3050414078125 0.527213203125 0.30148033125
1 0.5353571421875001 0.307712215625 0.5344264062499999 0.3286231890625 0.5509469703125001 0.33485507187499997 0.551179653125 0.31483436875000004 0.5353571421875001 0.307712215625
1 0.5632792203125 0.3223913046875 0.5632792203125 0.3455383015625 0.5753787875 0.347763975 0.5756114718750001 0.32773291875 0.5632792203125 0.3223913046875
1 0.5635119046875 0.36645962656250003 0.5632792203125 0.38871635625 0.5756114718750001 0.3936128359375 0.5756114718750001 0.3713561078125 0.5635119046875 0.36645962656250003
1 0.5870129875 0.332184265625 0.5867803031250001 0.353550725 0.5960876625 0.353550725 0.5946915578125 0.33173912968749997 0.5870129875 0.332184265625
1 0.5870129875 0.37447205 0.5870129875 0.397619046875 0.5946915578125 0.3993995859375 0.5951569265625001 0.374917184375 0.5870129875 0.37447205
1 0.5637445890625 0.41052795 0.5635119046875 0.4327846796875 0.5760768390625 0.43634575625 0.5760768390625 0.41275362343750005 0.5637445890625 0.41052795
1 0.564675325 0.457712215625 0.56420995625 0.48130434843750003 0.5765422078125 0.48531055937499995 0.5765422078125 0.45993788750000003 0.564675325 0.457712215625
1 0.5872456703125 0.4630538296875 0.5872456703125 0.48753623125 0.59562229375 0.48798136718749996 0.595854978125 0.4621635609375 0.5872456703125 0.4630538296875
1 0.5649080093750001 0.5040062109375001 0.5649080093750001 0.526262940625 0.5781709953124999 0.528933746875 0.577007575 0.5035610765625 0.5649080093750001 0.5040062109375001
1 0.588409090625 0.5075672875 0.58817640625 0.5320496890624999 0.596320346875 0.5320496890624999 0.5960876625 0.5075672875 0.588409090625 0.5075672875
1 0.5656060609375 0.5507453421874999 0.5656060609375 0.57299171875 0.5779383109375 0.573436853125 0.5774729437499999 0.5516356109375 0.5656060609375 0.5507453421874999
1 0.5653733765625 0.5992546578125 0.5653733765625 0.6228467906249999 0.5784036796875001 0.6228467906249999 0.5781709953124999 0.5992546578125 0.5653733765625 0.5992546578125
1 0.5898051953125 0.600144928125 0.5895725109375001 0.6241821953125 0.5967857140625 0.621956521875 0.5972510828125001 0.5996997921875 0.5898051953125 0.600144928125
1 0.5653733765625 0.6468840578124999 0.5656060609375 0.67003105625 0.5779383109375 0.670476190625 0.5779383109375 0.6464389234375 0.5653733765625 0.6468840578124999
1 0.642624459375 0.38114906875 0.626103896875 0.375807453125 0.6191233765625 0.3793685296875 0.6193560609375 0.396728778125 0.6263365796875 0.395838509375 0.6433225109375 0.403405796875 0.642624459375 0.38114906875
1 0.6440205625 0.42477225625 0.625638528125 0.4185403734375 0.6193560609375 0.4198757765625 0.6198214281250001 0.4412422359375 0.626103896875 0.4399068328125 0.6447186140625 0.445248446875 0.6440205625 0.42477225625
1 0.644253246875 0.4657246375 0.6270346328125 0.46127329218749996 0.6209848484375 0.4630538296875 0.6207521640625 0.48575569375 0.6272673156249999 0.48442029062499997 0.6449512984375 0.48709109687499996 0.644253246875 0.4657246375
1 0.64448593125 0.5529710140625 0.6281980515625001 0.5511904765625 0.6209848484375 0.5511904765625 0.6209848484375 0.5738819875 0.6279653671875 0.5712111796875 0.6451839828125 0.5738819875 0.64448593125 0.5529710140625
1 0.64564935 0.59569358125 0.6272673156249999 0.595248446875 0.6207521640625 0.5948033125000001 0.621915584375 0.6179503109375 0.6286634203125 0.6175051765624999 0.64611471875 0.6166149062499999 0.64564935 0.59569358125
1 0.645178571875 0.6384265015625 0.6454166671875 0.6575672875 0.6714718609375 0.6548964796875001 0.671239178125 0.637091096875 0.645178571875 0.6384265015625
1 0.6249404765625 0.642877846875 0.6254058437500001 0.664689440625 0.636807359375 0.66424430625 0.636574675 0.642877846875 0.6249404765625 0.642877846875
1 0.6079545453125 0.644658384375 0.6081872296874999 0.6669151140625 0.6151677484375 0.6669151140625 0.6151677484375 0.6451035203125 0.6079545453125 0.644658384375
1 0.4716071421875 0.72700828125 0.4718398265625 0.7844306421875 0.5109307359375 0.775973084375 0.5095346328125 0.7230020703125 0.4716071421875 0.72700828125
1 0.529074675 0.7448136640625 0.529074675 0.7737474125 0.5693290046875 0.7635093171875 0.5704924250000001 0.7363561078124999 0.529074675 0.7448136640625
1 0.6214502171875 0.706532090625 0.6226136359375001 0.7506004140625 0.6537878781249999 0.7452587984375 0.6547186140625 0.7020807453125 0.6214502171875 0.706532090625
6 0.614469696875 0.6865010359375 0.4718398265625 0.7020807453125 0.4716071421875 0.72700828125 0.7082359312500001 0.6954037265624999 0.7077705625 0.6740372671875 0.614469696875 0.6865010359375
26 0 0 0 1 0.03073051875 1 0.2559036796875 0.8187784671875 0.2253354984375 0.7825051765625 0.2253354984375 0.730672878125 0.21551948125 0.7160869562500001 0.2122889609375 0.673633540625 0.22110930781250002 0.6428674953125 0.2287283546875 0.6370393375 0.2295616890625 0.585869565625 0.22110930781250002 0.5836128359375 0.221574675 0.5595445140625 0.2239123375 0.53049689375 0.22439935000000003 0.5114078671875 0.22439935000000003 0.4866356109375 0.22541666718750003 0.4796790890625 0.2223051953125 0.454327121875 0.2255790046875 0.45269151093750004 0.226125540625 0.448964803125 0.2263906921875 0.44905797031250005 0.23033549843749998 0.44305382968749996 0.2317370125 0.4201552796875 0.2292153671875 0.419606625 0.23015151562499997 0.416728778125 0.234361471875 0.41031055937499994 0.23633116875 0.40995859218749997 0.23712662343750002 0.369948240625 0.2279383109375 0.369948240625 0.2276136359375 0.3681677015625 0.23421536718749997 0.355134575 0.237732684375 0.3545134578125 0.237732684375 0.31684265 0.22960497812499997 0.316449275 0.23001082187500002 0.2647308484375 0.22899350625 0.26279503125 0.2361093078125 0.2449068328125 0.24037337656250002 0.24606625312500002 0.2399675328125 0.22740165625 0.2700487015625 0.1430331265625 0.0760389609375 0 0 0
26 1 0.9821325046875 0.710476190625 0.754658384375 0.696293290625 0.7675672875 0.6648863640625 0.776004140625 0.6576731609375 0.7608799171875 0.5764339828125 0.7881366453124999 0.544929653125 0.79552795 0.549604978125 0.8161387156250001 0.4522456703125 0.842184265625 0.43232683906249997 0.825082815625 0.36698051875000004 0.8422670812499999 0.328463203125 0.8036542437499999 0.2559036796875 0.8187784671875 0.03073051875 1 1 1 1 0.9821325046875
