6 0.415665584375 0.5728260875 0.424291125 0.5865734984375 0.42932359375000007 0.6429503109375 0.45807359375 0.6704554859375 0.47820346249999995 0.6979606625 0.465259740625 0.7405900625 0.46023268437500003 0.7969668734375001 0.5896158015624999 0.7983436859374999 0.58170995625 0.758467909375 0.5702110390625 0.7130848859375 0.5694913421875001 0.6718322984375 0.587462121875 0.6402070390625 0.626996753125 0.638830228125 0.65143939375 0.5879503109375 0.6830627703125 0.567318840625 0.7146915578125 0.5631987578125 0.716130953125 0.5095652171875 0.3322781390625 0.46693581718750005 0.345936146875 0.4916873703125 0.37037878750000003 0.5081884062500001 0.414226190625 0.5205693578125 0.415665584375 0.5728260875
3 0.29667207812499996 0.18338509375 0.252159090625 0.21506211249999999 0.2138636359375 0.21506211249999999 0.20159632031250002 0.2777225671875 0.261617965625 0.281708075 0.3071915578125 0.234130434375 0.29667207812499996 0.18338509375
31 0.2594047625 0.179420290625 0.207651515625 0.20318840625 0.2138636359375 0.21506211249999999 0.252159090625 0.21506211249999999 0.29667207812499996 0.18338509375 0.2594047625 0.179420290625
31 0.8019588750000001 0.337122153125 0.846455628125 0.28569358125 0.8878571421875 0.24608695625000002 0.3071915578125 0.234130434375 0.261617965625 0.281708075 0.20159632031250002 0.2777225671875 0.20159632031250002 0.3074223609375 0.21503787812500003 0.317318840625 0.23265151562500003 0.3331366453125 0.2492586578125 0.3489544515625 0.2678733765625 0.394606625 0.282321428125 0.4083540375 0.2829707796875 0.458271221875 0.7522889609375001 0.519327121875 0.768820346875 0.416335403125 0.777159090625 0.36682194687499997 0.8019588750000001 0.337122153125
1 0.7226028140625 0.6181987578125 0.712537878125 0.6580848859375 0.7430086578124999 0.6578364390625 0.74056818125 0.609948240625 0.7226028140625 0.6181987578125
1 0.4257251078125 0.680082815625 0.4257251078125 0.711708075 0.45735389687500005 0.7130848859375 0.45879329062499996 0.685579709375 0.4257251078125 0.680082815625
1 0.3725324671875 0.73371635625 0.37469155781249996 0.7680952375000001 0.41063311718750006 0.7680952375000001 0.41206709999999996 0.7378364390625001 0.3725324671875 0.73371635625
1 0.3667857140625 0.6718322984375 0.369659090625 0.7075879921875 0.40704004375 0.7130848859375 0.406320346875 0.6773291921875 0.3667857140625 0.6718322984375
1 0.640665584375 0.7467805390625 0.6341937234375 0.7811594203125 0.67013528125 0.7894099375 0.6758874453125 0.75365424375 0.640665584375 0.7467805390625
1 0.6651028140624999 0.610641821875 0.6586363640624999 0.6450207046875 0.694577921875 0.6532712218750001 0.700324675 0.617515528125 0.6651028140624999 0.610641821875
1 0.65 0.68421325 0.6435281390625 0.7185817812499999 0.679469696875 0.72684265 0.6852218609375 0.69108695625 0.65 0.68421325
1 0.5924945890625 0.680082815625 0.587462121875 0.7199585921875 0.625557359375 0.7240890265625 0.6305898265625001 0.685579709375 0.5924945890625 0.680082815625
6 0.36103355000000004 0.6003209109375 0.3646266234375 0.6346997921875001 0.3955357140625 0.6333333328124999 0.3926623375 0.609948240625 0.36103355000000004 0.6003209109375
10 0.264496753125 0.3684782609375 0.2601839828125 0.3794824015625 0.2678733765625 0.394606625 0.282321428125 0.4083540375 0.2829707796875 0.458271221875 0.7522889609375001 0.519327121875 0.768820346875 0.416335403125 0.777159090625 0.36682194687499997 0.7159145015624999 0.2419668734375 0.402510821875 0.2378364390625 0.3895725109375 0.2845962734375 0.3291883109375 0.28871635625000003 0.2910930734375 0.3272256734375 0.264496753125 0.3684782609375
6 0.3049675328125 0.5948240171875 0.30568181875 0.6250724640625 0.34234307343750003 0.638830228125 0.33515692656249996 0.5989544515625 0.3049675328125 0.5948240171875
6 0.2877110390625 0.512318840625 0.293463203125 0.5535714281249999 0.330124459375 0.561821946875 0.32221861406249996 0.512318840625 0.2877110390625 0.512318840625
6 0.3509686140625 0.5136956515625 0.3567207796875 0.5563250515625 0.38978355 0.5631987578125 0.3883495671875 0.5233126296874999 0.3509686140625 0.5136956515625
3 0.7347240265625 0.7271428578125 0.7430086578124999 0.6578364390625 0.7522889609375001 0.519327121875 0.2829707796875 0.458271221875 0.29687770625 0.59447205 0.2979112546875 0.6419979296875 0.31758116875 0.6974430640625 0.3538095234375 0.7172463765625 0.3651948046875 0.7865527953125 0.7326569265625 0.810310559375 0.731617965625 0.796449275 0.7347240265625 0.7271428578125
26 0.9530140687499999 1 0.7326569265625 0.810310559375 0.3651948046875 0.7865527953125 0.0685010828125 1 0.9530140687499999 1
26 1 0.04220496875 0.8878571421875 0.24608695625000002 0.846455628125 0.28569358125 0.8019588750000001 0.337122153125 0.777159090625 0.36682194687499997 0.768820346875 0.416335403125 0.7522889609375001 0.519327121875 0.7430086578124999 0.6578364390625 0.7347240265625 0.7271428578125 0.731617965625 0.796449275 0.7326569265625 0.810310559375 0.9530140687499999 1 1 1 1 0.04220496875
26 0 0 0 1 0.0685010828125 1 0.3651948046875 0.7865527953125 0.3538095234375 0.7172463765625 0.31758116875 0.6974430640625 0.2979112546875 0.6419979296875 0.29687770625 0.59447205 0.2829707796875 0.458271221875 0.282321428125 0.4083540375 0.2678733765625 0.394606625 0.2492586578125 0.3489544515625 0.23265151562500003 0.3331366453125 0.21503787812500003 0.317318840625 0.20159632031250002 0.3074223609375 0.20159632031250002 0.2777225671875 0.2138636359375 0.21506211249999999 0.207651515625 0.20318840625 0.2594047625 0.179420290625 0.29667207812499996 0.18338509375 0.3071915578125 0.234130434375 0.402510821875 0.2378364390625 0.8878571421875 0.24608695625000002 1 0.04220496875 1 0 0 0
1 0.4257251078125 0.7392132499999999 0.430037878125 0.770838509375 0.4559199140625 0.7735921328125 0.4559199140625 0.7447101453125 0.4257251078125 0.7392132499999999
1 0.5853030296874999 0.74746376875 0.5910551953125001 0.77496894375 0.61693181875 0.7777225671875 0.61981060625 0.7488405796875 0.5853030296874999 0.74746376875
1 0.7082251078125 0.6828364390624999 0.6974404765625 0.73233954375 0.7347240265625 0.7271428578125 0.7369751078125 0.6938302281250001 0.7082251078125 0.6828364390624999
