1 0.2953125 0.59296875 0.0390625 0.07421875
1 0.33125 0.31875 0.03984375 0.08046875
1 0.6203125 0.57890625 0.02890625 0.06484375
1 0.678125 0.4609375 0.03046875 0.07578125
1 0.6890625 0.33828125 0.02890625 0.0703125
1 0.3546875 0.59140625 0.0375 0.07109375
1 0.26171875 0.31484375 0.04140625 0.08203125
1 0.6671875 0.57734375 0.03046875 0.06640625
1 0.62890625 0.4609375 0.03203125 0.07421875
1 0.56953125 0.58203125 0.034375 0.06484375
1 0.36484375 0.703125 0.034375 0.0640625
1 0.4109375 0.58984375 0.0390625 0.07109375
1 0.56484375 0.68671875 0.0328125 0.05703125
1 0.72890625 0.46171875 0.02890625 0.07265625
1 0.46640625 0.58671875 0.03984375 0.0671875
1 0.61171875 0.68203125 0.02734375 0.05625
1 0.58125 0.33125 0.03984375 0.0765625
1 0.46171875 0.325 0.04453125 0.0765625
1 0.74296875 0.33984375 0.0265625 0.07109375
1 0.39765625 0.32265625 0.04296875 0.08203125
1 0.6375 0.334375 0.0296875 0.0703125
1 0.52109375 0.328125 0.04296875 0.07421875
3 0.5609375 0.58203125 0.87578125 0.83046875
