1 0.74765625 0.59453125 0.0390625 0.06015625
1 0.68828125 0.6796875 0.0359375 0.05703125
1 0.7390625 0.6921875 0.03828125 0.059375
1 0.55390625 0.559375 0.02890625 0.05078125
1 0.51171875 0.5515625 0.028125 0.0515625
1 0.63984375 0.66875 0.0328125 0.05625
1 0.43359375 0.5375 0.02578125 0.05
1 0.5984375 0.56875 0.03125 0.053125
1 0.471875 0.54375 0.0265625 0.0484375
1 0.17890625 0.55546875 0.0203125 0.0546875
1 0.64453125 0.57421875 0.034375 0.05625
1 0.06640625 0.74296875 0.05 0.08203125
1 0.39765625 0.5296875 0.02421875 0.04765625
1 0.55234375 0.6484375 0.02890625 0.053125
1 0.59453125 0.65625 0.03046875 0.05390625
1 0.69453125 0.58359375 0.03671875 0.05625
1 0.4359375 0.61875 0.02578125 0.0484375
1 0.47265625 0.6265625 0.02578125 0.046875
1 0.51171875 0.6375 0.02734375 0.05
1 0.40078125 0.6109375 0.02421875 0.05
31 0.41640625 0.43984375 0.83203125 0.2734375
3 0.4171875 0.58515625 0.8328125 0.55703125
