1 0.550037878125 0.668405796875 0.550037878125 0.7471635609375 0.5797510828125 0.73947205 0.5791341984375 0.6601242234375 0.550037878125 0.668405796875
6 0.604172078125 0.5496790890625001 0.6350054109375 0.5333436859375 0.6186201296875 0.5275879921875 0.604172078125 0.5496790890625001
3 0.39879870156249997 0.8442650109375001 0.4050054109375 0.8590062109375 0.4962012984375 0.8104968937500001 0.5259415578125 0.90648033125 0.5366883109375 0.9050517593749999 0.551185065625 0.93983436875 0.5968614718749999 0.9227536234375 0.5864880953125 0.8723084890624999 0.593544371875 0.86022774375 0.5968614718749999 0.7672153203125001 0.6410984843749999 0.7486956515625 0.654469696875 0.49862318906249997 0.6719047625 0.49718426562499995 0.65334415625 0.42258799218750004 0.5957954546875001 0.3849378875 0.5426406921875 0.33799171875 0.48620129843750004 0.28913043437499997 0.4066071421875 0.289161490625 0.34069264062500004 0.27463768125 0.32252705625 0.3738819875 0.333490259375 0.403768115625 0.3406060609375 0.40458592187500003 0.34274350625 0.548861284375 0.3513041125 0.551925465625 0.3972997828125 0.76578675 0.39879870156249997 0.8442650109375001
31 0.5408333328125 0.446925465625 0.6077922078125 0.4878881984375 0.6551948046875 0.429606625 0.5733333328125 0.388209109375 0.545990259375 0.3531677015625 0.49426406875 0.2990683234375 0.4389069265625 0.293374740625 0.41206709999999996 0.311697721875 0.38374458906250003 0.3092546578125 0.37781385312500004 0.3127018640625 0.3662012984375 0.3511904765625 0.3362824671875 0.3467494828125 0.3796158015625 0.419782609375 0.393030303125 0.471594203125 0.5000757578125 0.4444616984375 0.5408333328125 0.446925465625
31 0.6037716453125 0.434585921875 0.6499404765625 0.430144928125 0.5733333328125 0.388209109375 0.545990259375 0.3531677015625 0.494145021875 0.3299792953125 0.5240530296875 0.39143892343750003 0.47019480468749997 0.3367184265625 0.42656385312499995 0.3299792953125 0.393030303125 0.471594203125 0.5000757578125 0.4444616984375 0.54163881875 0.44676754374999994 0.6037716453125 0.434585921875
31 0.38374458906250003 0.3092546578125 0.3408225109375 0.27421324999999996 0.3362824671875 0.3467494828125 0.3662012984375 0.3511904765625 0.37781385312500004 0.3127018640625 0.38374458906250003 0.3092546578125
31 0.3408225109375 0.27421324999999996 0.393030303125 0.471594203125 0.40180194843750006 0.3387577640625 0.3408225109375 0.27421324999999996
31 0.3408225109375 0.27421324999999996 0.40180194843750006 0.3387577640625 0.545990259375 0.3531677015625 0.4704545453125 0.31845755625 0.44192640625 0.3048136640625 0.3408225109375 0.27421324999999996
31 0.668928571875 0.4868012421875 0.6551948046875 0.429606625 0.6077922078125 0.4878881984375 0.668928571875 0.4868012421875
10 0.378273809375 0.4785093171875 0.371158009375 0.5016045546875 0.37641774843750003 0.5116666671875 0.38013528124999996 0.5560766046875 0.40644480468750005 0.55726708125 0.4262554109375 0.59338509375 0.462159090625 0.57148033125 0.46370670937499997 0.53062111875 0.4838257578125 0.52766045625 0.4993019484375 0.5175879921875 0.496206709375 0.47672877812500003 0.5098268390625 0.4850207046875 0.525611471875 0.5140372671875 0.535827921875 0.5152173906249999 0.543874459375 0.5169979296875 0.544496753125 0.59871635625 0.5596645015624999 0.5975258796875 0.56306818125 0.500414078125 0.6039231609375 0.4909420296875 0.6228084421875 0.497453415625 0.6568560609375 0.49568322968749995 0.6714015156250001 0.49390269218749994 0.6515963203124999 0.426987578125 0.575449134375 0.394420290625 0.5410930734375 0.3434989640625 0.4714448046875 0.3180331265625 0.440800865625 0.30678053906249997 0.366206709375 0.3138923390625 0.33556277031250004 0.3091511390625 0.32968073593749997 0.36067287812500004 0.3395833328125 0.402122153125 0.3593939390625 0.4400207046875 0.3708495671875 0.46251552812499996 0.378273809375 0.4785093171875
6 0.6350054109375 0.5333436859375 0.604172078125 0.5496790890625001 0.604172078125 0.6321118015625 0.623490259375 0.6058178046875 0.6301731609375001 0.58450310625 0.6350054109375 0.5333436859375
6 0.472402596875 0.6925465843749999 0.4726731609375 0.686335403125 0.4741151 0.6825843390624999 0.48977591093750006 0.727402265625 0.4930813234375 0.7278172140625 0.49350649375 0.7287784671875001 0.49134199062499995 0.7318840578125 0.49080086562499997 0.74016563125 0.4924242421875 0.74430641875 0.496212121875 0.745341615625 0.49837662343750005 0.742236025 0.49891774843750003 0.7339544515624999 0.49482065468750003 0.7237503703125 0.5365646265625 0.6261461109375001 0.5779220781250001 0.61904761875 0.5794853296875 0.6246836890624999 0.5779220781250001 0.6293995859375 0.5800865796875 0.64078675 0.5822510828125 0.6790890265625 0.583874459375 0.6873706 0.5833333328125 0.70289855 0.5860389609375 0.708074534375 0.5887445890625 0.708074534375 0.5914502171875 0.703933746875 0.5925324671875 0.6977225671875 0.5925324671875 0.6832298140625 0.5909090906250001 0.674948240625 0.5887445890625 0.639751553125 0.5860389609375 0.61904761875 0.5833333328125 0.6138716359374999 0.5919913421875 0.586956521875 0.5957792203125 0.58799171875 0.5984848484375 0.582815734375 0.624011046875 0.5903476828125 0.6374458875 0.6231884062499999 0.6369047625 0.6635610765625 0.6385281390624999 0.6677018640625 0.6423160171875 0.6687370593749999 0.6450216453125 0.6635610765625 0.6450216453125 0.6252587984375 0.6423160171875 0.620082815625 0.6396103890625 0.620082815625 0.6223316921875 0.58624259375 0.5988207203125 0.528771328125 0.596906565625 0.527087646875 0.5974025968750001 0.5217391296875 0.595462009375 0.5205611484375 0.5937826546875 0.5164560578125 0.5957086390625 0.5141326859375 0.5974025968750001 0.5041407875 0.5946969703125 0.49896480312499997 0.5914502171875 0.49896480312499997 0.5887445890625 0.5041407875 0.5904239437500001 0.5082458765625 0.5887445890625 0.5103519671875001 0.58700525625 0.5082076296875 0.5383039578125 0.622079265625 0.47727272656249997 0.657349896875 0.47564935 0.653209109375 0.4734848484375 0.6521739125 0.472402596875 0.6480331265625 0.4702380953125 0.6449275359375 0.46753246718749997 0.6449275359375 0.46536796562499994 0.6480331265625 0.46471861406250004 0.65569358125 0.46628469531250005 0.660175375 0.464656771875 0.6609582953124999 0.46428571406249997 0.6925465843749999 0.465909090625 0.6966873703124999 0.4696969703125 0.6977225671875 0.472402596875 0.6925465843749999
1 0.47454004375 0.58332298125 0.47392316093750003 0.6182505171875 0.48444805156250004 0.6158902687500001 0.4825865796875 0.58391304375 0.47454004375 0.58332298125
1 0.430557359375 0.5896583843750001 0.41817640625 0.5979399578125 0.420340909375 0.6500517593749999 0.441699134375 0.6423602484375001 0.44045995624999995 0.595579709375 0.430557359375 0.5896583843750001
1 0.4221969703125 0.6932815734375 0.4243668828125 0.7507142859375 0.4457251078125 0.743022775 0.4429383109375 0.6843995859375 0.4221969703125 0.6932815734375
1 0.4738906921875 0.6690062109375 0.47636904687500004 0.7234782609375 0.48627164531249994 0.7193374734375 0.483793290625 0.6547929609375001 0.4738906921875 0.6690062109375
1 0.550037878125 0.668405796875 0.5822294375 0.6583436859375 0.5840854984375 0.5813664593750001 0.5800595234375 0.5156314703125 0.5645833328125 0.507349896875 0.563658009375 0.558861284375 0.5543668828125 0.599130434375 0.550037878125 0.668405796875
1 0.6114718609375001 0.631428571875 0.610037878125 0.6862525875000001 0.6272348484375 0.6845445140625 0.62866883125 0.62628364375 0.6114718609375001 0.631428571875
6 0.5627705625 0.7867494828125 0.5649350656250001 0.7857142859375 0.5681818187500001 0.789855071875 0.5735930734375 0.788819875 0.57521645 0.7846790890625 0.57521645 0.778467909375 0.572510821875 0.773291925 0.571969696875 0.7639751546875 0.5698051953125 0.760869565625 0.566017315625 0.760869565625 0.5627705625 0.7650103515625 0.5551948046875 0.7629399578125 0.549242425 0.773291925 0.5481601734375 0.7805383015625 0.5459956703125 0.7846790890625 0.5454545453125 0.7981366453125001 0.5470779218749999 0.8022774328125 0.5508658015625 0.8033126296875001 0.5627705625 0.7867494828125
26 0.5506060609375 1 0.5968614718749999 0.9227536234375 0.551185065625 0.93983436875 0.5366883109375 0.9050517593749999 0.5259415578125 0.90648033125 0.4962012984375 0.8104968937500001 0.4050054109375 0.8590062109375 0.39879870156249997 0.8442650109375001 0.3972997828125 0.76578675 0.35129329062500003 0.5556314703125 0.34274350625 0.548861284375 0.3406060609375 0.40458592187500003 0.333490259375 0.403768115625 0.32252705625 0.3738819875 0.0031547625000000004 0.0104554859375 0.000091990625 1 0.5506060609375 1
26 0.0024350656250000003 0 0.010108225 0.027515528125 0.32252705625 0.3738819875 0.3408225109375 0.27421324999999996 0.4066071421875 0.289161490625 0.48766233750000004 0.288405796875 0.5426406921875 0.33799171875 0.5957954546875001 0.3849378875 0.65334415625 0.42258799218750004 0.672813853125 0.50332298125 0.654469696875 0.49862318906249997 0.6410984843749999 0.7486956515625 0.5968614718749999 0.7672153203125001 0.593544371875 0.86022774375 0.5864880953125 0.8723084890624999 0.5968614718749999 0.9227536234375 0.5506060609375 1 1 0.9965320906249999 1 0.0039751546875 0.445146103125 0 0.0024350656250000003 0
