6 0.497777778125 0.26837060625000003 0.5150106703125 0.31797555 0.6365952328125 0.213230965625 0.6231819671875 0.157797134375 0.497777778125 0.26837060625000003
6 0.6560120078125 0.198333315625 0.6548148140625 0.20021299374999998 0.6657523140625 0.2418177125 0.7039066125 0.19850205781250002 0.693634078125 0.1540098984375 0.6560120078125 0.198333315625
6 0.6990964984375 0.26907592343750003 0.7065794984375 0.2570261921875 0.692958803125 0.2114378046875 0.6466681140625 0.24836693593749998 0.6631828703125 0.28712770625 0.64444444375 0.31096911562499996 0.6613890703124999 0.36506888437499996 0.7419269015625 0.2898681125 0.73690610625 0.2619062109375 0.6990964984375 0.26907592343750003
6 0.747340675 0.528125440625 0.76318088125 0.5669410703125 0.8733206750000001 0.4385829046875 0.8514592375 0.38336044999999996 0.764597259375 0.4903864765625 0.751535915625 0.45352683125000004 0.8419370296875 0.34505884375 0.8207837828125 0.3035704734375 0.6720750140625 0.45539389531249996 0.671416378125 0.45731400000000005 0.6878148515625 0.5181455749999999 0.711117078125 0.4978120953125 0.72389775 0.554667740625 0.747340675 0.528125440625
6 0.8431635203125 0.7048000546875001 0.8237572328124999 0.646005453125 0.840743815625 0.609309740625 0.8249645546875 0.5649839171875 0.78 0.62406815625 0.7948267515625 0.664657121875 0.771455440625 0.7095653453125 0.8001246015625 0.7459893609375 0.8431635203125 0.7048000546875001
6 0.8558711296875 0.44791250781249997 0.8140740750000001 0.511182109375 0.8329412609375 0.55874585 0.8768240015625001 0.49468376718749996 0.8628560828125 0.4567023484375 0.8558711296875 0.44791250781249997
6 0.8972435624999999 0.6978099359375001 0.85310565 0.7779086000000001 0.877253328125 0.8331311828124999 0.8925620296875 0.798136003125 0.9217590781249999 0.748410875 0.8972435624999999 0.6978099359375001
6 0.89352936875 0.7853113421875 0.8977777781249999 0.8178913734375 0.9150160953125 0.8624502875 0.959373371875 0.790164253125 0.9411615671875 0.7377342078125 0.89352936875 0.7853113421875
6 0.9979595265625001 0.973912834375 1 0.8829266390624999 0.9792592593749999 0.9371671984375001 0.9979595265625001 0.973912834375
6 0.320470559375 0.627403575 0.32444444375 0.6624068140625 0.420045753125 0.9988221984375001 0.46657172343750003 1 0.355244321875 0.6389487765624999 0.320470559375 0.627403575
6 0.0541257953125 0.06347669375000001 0.0725742359375 0.14291697187500002 0.1089978484375 0.1498597703125 0.091537271875 0.057268396875 0.0541257953125 0.06347669375000001
