6 0.8328125 0.878125 0.18515625 0.2046875
6 0.1828125 0.34296875 0.10546875 0.15234375
6 0.18984375 0.60546875 0.1421875 0.1578125
6 0.40390625 0.575 0.15625 0.2296875
6 0.571875 0.584375 0.0546875 0.31328125
6 0.11640625 0.81953125 0.0734375 0.09296875
6 0.18828125 0.96171875 0.07421875 0.0765625
6 0.3921875 0.9640625 0.1703125 0.07109375
6 0.396875 0.3890625 0.31953125 0.15234375
6 0.053125 0.51015625 0.065625 0.25234375
6 0.1375 0.4625 0.08671875 0.19765625
6 0.39296875 0.83515625 0.48046875 0.15390625
6 0.64140625 0.5921875 0.12890625 0.48203125
