1 0.646875 0.48125 0.04375 0.1234375
1 0.3765625 0.67890625 0.040625 0.10625
1 0.65390625 0.678125 0.04609375 0.11015625
1 0.45703125 0.678125 0.040625 0.10625
1 0.83515625 0.47890625 0.0484375 0.12578125
1 0.459375 0.48359375 0.03984375 0.11953125
1 0.7453125 0.478125 0.040625 0.12734375
1 0.5609375 0.678125 0.04375 0.11015625
1 0.94453125 0.678125 0.05 0.11484375
1 0.38359375 0.48359375 0.040625 0.11953125
1 0.92578125 0.47578125 0.04921875 0.125
1 0.30078125 0.48125 0.040625 0.12109375
1 0.8484375 0.678125 0.04921875 0.1125
1 0.21953125 0.4828125 0.0265625 0.12578125
1 0.2921875 0.678125 0.04140625 0.10703125
1 0.55859375 0.48203125 0.040625 0.121875
1 0.75703125 0.678125 0.03515625 0.10703125
1 0.16875 0.48046875 0.0453125 0.12578125
3 0.49921875 0.515625 0.9984375 0.615625
