57 0.2324578125 0.65479375 0.2712015625 0.62074375 0.2654609375 0.5500265625 0.22097812499999997 0.5133578125 0.187975 0.4714515625 0.1592765625 0.42430625 0.130578125 0.442640625 0.10761875000000001 0.4007328125 0.11192500000000001 0.332634375 0.0789203125 0.3823984375 0.07318125 0.43216406249999995 0.11192500000000001 0.445259375 0.130578125 0.4976421875 0.137753125 0.557884375 0.16071249999999998 0.605028125 0.186540625 0.6155062499999999 0.2324578125 0.65479375
57 0.2890625 0.4796875 0.05 0.04453125
57 0.3343375 0.4714515625 0.32572812500000003 0.518596875 0.3357734375 0.5526453124999999 0.364471875 0.5500265625 0.39747499999999997 0.5238343750000001 0.44339218750000003 0.4924046875 0.43621718749999994 0.4662125 0.43621718749999994 0.445259375 0.44339218750000003 0.4138296875 0.4505671875 0.364065625 0.4046484375 0.3431109375 0.381690625 0.371921875 0.383125 0.3954953125 0.3903 0.4164484375 0.3874296875 0.447878125 0.364471875 0.45835468749999997 0.340078125 0.46359374999999997 0.3343375 0.4714515625
57 0.5840156249999999 0.6416968749999999 0.6069734375 0.6574125000000001 0.6457171875000001 0.6678890625 0.6701109375 0.6443156250000001 0.6787203125 0.599790625 0.6858953125 0.563121875 0.7031140625 0.54740625 0.7275078125000001 0.5447875 0.7590765625 0.526453125 0.7820343750000001 0.4950234375 0.7935140625 0.4662125 0.789209375 0.3928765625 0.79064375 0.3404921875 0.779165625 0.32477812500000003 0.75620625 0.34835 0.7246374999999999 0.369303125 0.6801546875 0.39025625 0.660065625 0.43216406249999995 0.6241921875 0.45835468749999997 0.5811453125 0.5002625 0.5639265625000001 0.45573593749999997 0.5954937499999999 0.42430625 0.5739703125 0.39025625 0.5294875 0.38501875 0.51944375 0.4216875 0.5208781250000001 0.4400203125 0.5409671875 0.4740703125 0.5438375 0.4950234375 0.5337921875 0.5081187500000001 0.5309234375 0.5290734375 0.552446875 0.5552640625 0.5739703125 0.58145625 0.576840625 0.5866953125000001 0.5653609375 0.618125 0.5409671875 0.6416968749999999 0.5122687499999999 0.6416968749999999 0.5165734375000001 0.6731265625 0.5424015625 0.675746875 0.5696656250000001 0.6705078125 0.5667953125 0.6416968749999999 0.5840156249999999 0.6416968749999999
57 0.9240921875 0.445259375 0.904003125 0.408590625 0.879609375 0.4374015625 0.8265171875 0.4216875 0.830821875 0.45573593749999997 0.84660625 0.4662125 0.8710000000000001 0.45573593749999997 0.8853500000000001 0.47668906250000004 0.911178125 0.4950234375 0.9312671874999999 0.4793078125 0.9240921875 0.445259375
57 0.46778593749999997 0.5343109375 0.4462625 0.5369296875 0.423303125 0.5683609374999999 0.3687765625 0.6443156250000001 0.40034375000000005 0.6469359375 0.4204328125 0.6574125000000001 0.4319125 0.605028125 0.447696875 0.5945515625 0.4663515625 0.58145625 0.47639531249999995 0.560503125 0.46778593749999997 0.5343109375
57 0.4103890625 0.7674171875 0.37595 0.7752749999999999 0.36303593749999996 0.7936093750000001 0.36734062500000003 0.8276578125 0.3960390625 0.8459921874999999 0.416128125 0.832896875 0.40895468749999997 0.8014671874999999 0.4103890625 0.7674171875
57 0.8996984375 0.605028125 0.9068734375 0.5762171875 0.90256875 0.54216875 0.8695656250000001 0.5290734375 0.8695656250000001 0.521215625 0.8494765624999999 0.5238343750000001 0.83943125 0.563121875 0.8408671875 0.597171875 0.8595203124999999 0.6233625 0.876740625 0.6259828125 0.8996984375 0.605028125
57 0.9054390625 0.712415625 0.9413109375 0.7045578124999999 0.918353125 0.6914609375 0.8695656250000001 0.6600312500000001 0.852346875 0.6705078125 0.83943125 0.6836046875 0.8336921875 0.6967 0.8423015625 0.7255109375 0.862390625 0.73336875 0.8882187500000001 0.7490828125 0.8839140625 0.715034375 0.9054390625 0.712415625
57 0.0674421875 0.5893140625 0.037307812499999995 0.6102671875000001 0.02439375 0.6338390625 0.025828125 0.65479375 0.043048437499999995 0.6678890625 0.057396875 0.6600312500000001 0.071746875 0.6338390625 0.08322500000000001 0.5893140625 0.0674421875 0.5893140625
57 0.1190984375 0.7805140625 0.12340312499999999 0.754321875 0.12340312499999999 0.7255109375 0.1320125 0.712415625 0.130578125 0.69931875 0.1090546875 0.680984375 0.099009375 0.6914609375 0.099009375 0.720271875 0.09183593749999999 0.7490828125 0.09040000000000001 0.77265625 0.09040000000000001 0.798846875 0.10475000000000001 0.7883703125 0.1190984375 0.7805140625
