66 0.36640625 0.1734375 0.115625 0.34609375
66 0.0765625 0.321875 0.15234375 0.06328125
66 0.21171875 0.31015625 0.1765625 0.078125
66 0.32265625 0.50390625 0.05390625 0.290625
66 0.1703125 0.68125 0.340625 0.06796875
66 0.39140625 0.75 0.08125 0.1140625
66 0.44140625 0.7125 0.20234375 0.125
66 0.47578125 0.8703125 0.02421875 0.115625
66 0.503125 0.95546875 0.26640625 0.06015625
66 0.59453125 0.83984375 0.09609375 0.18671875
66 0.7609375 0.9640625 0.2390625 0.071875
66 0.8859375 0.57578125 0.22734375 0.2265625
66 0.78359375 0.553125 0.03046875 0.07734375
66 0.85234375 0.51875 0.13671875 0.06328125
